87 
91 181 2.0 2482 1.0 4678 1.0 4969 1.0 5910 2.0 6460 1.0 14482 1.0 40672 4.0 44479 2.0 50383 1.0 99694 1.0 128753 1.0
100 
103 
181 91 2.0 129403 1.0
259 
260 
457 12520 1.0
656 
667 
749 
759 
791 
807 
808 
848 18265 1.0 55793 2.0 93092 2.0
879 
953 955 1.0
955 953 1.0 6962 1.0 10235 1.0 48095 1.0 65362 2.0
977 
989 
1018 
1524 85032 2.0
1584 
1588 
1593 
1598 55418 1.0
1776 48834 1.0
1864 
1919 
2150 
2171 
2176 
2181 
2184 
2200 
2204 
2246 
2300 
2455 
2460 2534 1.0
2482 91 1.0
2494 
2517 
2534 2460 1.0 21030 1.0
2558 
2580 
2582 206256 1.0
2587 5467 1.0
2800 
2849 
2862 
2863 
2867 50383 1.0
2953 
2955 
3010 22962 1.0 22990 1.0
3042 
3127 4718 2.0 430104 1.0
3161 
3190 
3213 
3343 24196 1.0
3373 26830 3.0 27336 2.0 149552 1.0
3375 
3376 
3394 
3432 
3441 132821 1.0 146080 1.0
3631 
3988 
3992 
3993 
4221 
4256 55776 1.0
4266 4516 1.0
4274 
4291 
4447 43670 1.0 119406 1.0
4467 
4473 
4474 
4480 
4487 
4489 
4499 
4500 
4504 4505 7.0 7195 2.0
4505 4504 7.0 7195 1.0
4516 4266 1.0
4529 
4533 
4546 
4549 35709 2.0
4556 
4561 78726 1.0
4678 91 1.0
4697 
4718 3127 2.0 430104 4.0 524474 1.0
4737 
4768 
4904 
4928 
4929 
4969 91 1.0
4997 
4998 
5003 11048 1.0
5119 18835 2.0
5150 130432 1.0
5159 
5207 
5250 
5268 
5285 
5312 
5410 
5441 
5452 
5467 2587 1.0 12855 1.0
5517 
5709 
5815 
5834 
5910 91 2.0
5945 
6068 
6098 
6106 22236 1.0
6139 
6143 
6186 
6361 44783 1.0 143300 1.0 203650 1.0
6380 
6460 91 1.0
6462 15193 1.0
6477 23896 1.0
6558 14880 3.0 15948 1.0
6582 
6595 
6714 25291 2.0
6756 
6805 40531 1.0
6962 955 1.0
6981 
6984 60139 1.0
7039 
7195 4504 2.0 4505 1.0
7231 
7280 36267 1.0
7281 
7309 288850 1.0
7337 
7501 
7550 
7559 
7596 
7608 
7620 
7647 8236 1.0
7691 
7692 
7757 
7766 
7781 
7786 
7792 
7857 83493 1.0
7921 
7926 
7974 
7981 40086 1.0
8057 
8093 
8129 
8206 
8214 
8236 7647 1.0
8609 
8744 
8766 
8926 1684818 1.0
8927 
8928 
9064 
9092 
9100 
9116 
9122 
9132 34678 1.0
9135 93604 6.0
9158 
9261 155792 2.0
9280 
9324 
9375 
9405 9757 2.0 31490 2.0 33442 2.0 59234 1.0 144313 1.0 170380 1.0
9419 
9436 14671 6.0
9437 
9496 
9497 
9579 
9613 
9633 15875 4.0 34322 2.0 59234 1.0 186711 6.0
9639 
9643 
9645 
9662 
9701 
9709 39525 2.0 158016 1.0
9711 
9715 76012 1.0
9741 
9757 9405 2.0 59234 1.0 144313 1.0
9769 
9860 
9872 121497 1.0
9877 
9950 106226 1.0
9960 28164 1.0
9965 
9994 
10014 
10100 
10102 
10186 
10196 
10223 
10233 
10235 955 1.0
10259 
10285 
10303 
10327 
10357 
10358 25572 3.0 27063 2.0
10450 
10545 
10562 
10563 
10598 
10601 
10758 
11048 5003 1.0
11134 
11318 
11319 
11454 
11515 
11700 
11714 
11717 
12428 
12520 457 1.0
12725 
12730 
12855 5467 1.0
12863 
12887 
12958 
12971 
13210 
13385 
13467 
13507 
13625 13626 3.0
13626 13625 3.0 65140 2.0
13650 
13662 
13747 
13758 
13880 
13908 
13942 
14217 
14223 
14264 
14301 14302 1.0
14302 14301 1.0
14327 
14474 
14482 91 1.0
14508 
14512 
14650 
14651 
14654 
14671 9436 6.0
14707 18261 1.0
14771 
14803 
14804 
14806 32177 1.0 39527 1.0
14823 
14851 
14867 
14879 14880 2.0
14880 6558 3.0 14879 2.0 15948 1.0
14893 
14894 
15043 
15070 
15072 
15159 
15193 6462 1.0
15223 
15423 
15559 
15586 
15587 
15875 9633 4.0
15948 6558 1.0 14880 1.0
15949 
15956 
15970 
16030 
16104 16105 1.0
16105 16104 1.0
16147 
16149 
16151 48117 2.0
16222 
16223 
16224 
16235 
16280 
16282 
16283 16284 1.0
16284 16283 1.0 108760 1.0
16401 48117 1.0 303712 1.0
16457 
16536 
16951 143427 2.0
17249 
17834 81597 1.0 230942 2.0
17851 
17910 
17945 
18066 
18199 177680 1.0
18261 14707 1.0
18265 848 1.0 55793 1.0
18400 
18401 
18418 
18455 82432 3.0
18619 
18634 
18675 
18731 137348 1.0
18809 
18813 
18835 5119 2.0
18836 
18849 
18880 25291 2.0
18895 
18923 
18959 
18971 
19084 19088 1.0
19085 
19086 
19088 19084 1.0
19132 
19195 
19209 
19210 22278 1.0
19219 
19220 
19223 
19457 
19534 
19761 
19921 
20450 
20566 
20602 
20638 
20675 
20676 
20703 
20789 
20793 
20795 
20797 
21003 
21030 2534 1.0
21136 
21159 
21160 
21191 
21196 
21221 
21222 
21318 21319 6.0
21319 21318 6.0
21429 
21497 
21519 
21746 38397 1.0
21747 
21958 
21962 
22078 
22093 
22198 
22236 6106 1.0
22278 19210 1.0
22372 
22733 176933 1.0
22962 3010 1.0 22990 1.0 78675 1.0
22984 
22990 3010 1.0 22962 1.0
23088 
23203 
23335 
23345 
23451 
23774 
23894 
23896 6477 1.0
24072 
24079 
24196 3343 1.0
24281 78806 5.0
24315 
24316 
24404 
24479 
24550 
24602 
24665 440170 1.0
24693 
24938 
25164 
25183 
25219 
25265 
25291 6714 2.0 18880 2.0 35939 1.0
25294 
25329 
25346 
25367 
25471 
25507 
25572 10358 3.0 27063 2.0
25711 
25834 
25890 
25891 
26092 
26105 
26293 
26376 26377 2.0
26377 26376 2.0
26475 71633 1.0
26731 
26821 357722 1.0
26830 3373 3.0 27335 1.0 27336 3.0 86070 1.0
26838 
26877 
26952 
27063 10358 2.0 25572 2.0
27082 
27234 
27235 
27243 
27335 26830 1.0 27336 1.0 86070 1.0
27336 3373 2.0 26830 3.0 27335 1.0 86070 1.0
27390 
27640 
28161 
28163 
28164 9960 1.0
28165 
28185 
28338 82672 1.0
28570 
28571 
28609 
28611 
28644 
28668 
28677 30017 2.0 81561 1.0 81919 1.0
28694 34156 1.0
28826 
28840 
29067 
29099 
29237 
29286 
29486 
29518 
29876 
30016 
30017 28677 2.0 81561 1.0 81919 1.0
30138 
30187 
30296 
30342 
30343 
30381 
30405 
30632 
30634 227518 1.0
30745 
30757 31489 1.0 744305 1.0
30842 
30843 
30883 
30923 
30983 
31036 
31259 
31488 
31489 30757 1.0 744305 3.0
31490 9405 2.0 33442 1.0
31763 
31942 
32076 99976 1.0
32177 14806 1.0 39527 1.0
32183 
32184 
32189 
32327 54811 1.0
32353 
32356 168709 1.0
32470 
32546 
32574 
32707 
32760 
32889 
32989 
33342 33452 1.0 102578 2.0
33402 
33431 
33442 9405 2.0 31490 1.0 170380 1.0
33452 33342 1.0 102578 1.0
33508 
33719 
33828 
33895 265022 1.0
33923 
34156 28694 1.0
34163 
34233 
34322 9633 2.0
34405 
34466 74207 1.0
34617 
34678 9132 1.0
35110 
35111 
35127 349167 1.0
35158 
35283 
35389 
35413 
35429 
35444 
35478 55794 1.0
35608 
35709 4549 2.0
35785 
35939 25291 1.0
36023 
36267 7280 1.0
36621 
36625 
36641 
36689 
37044 
37171 
37234 
37235 
37257 
37287 
37291 
37298 
37380 104350 1.0 386443 1.0
37381 
37418 
37419 
37451 
37558 
37561 
37682 79730 3.0 270614 1.0
37688 
37692 37694 1.0
37694 37692 1.0
37756 
37760 
37810 
37836 
37841 
37896 39979 2.0
37918 
37958 
37990 
38025 
38053 
38149 
38323 
38397 21746 1.0
38531 
38607 
38705 82672 2.0
38868 
38904 
38978 
38996 
39074 
39142 
39339 82064 1.0 82403 1.0 129690 1.0
39374 
39525 9709 2.0
39527 14806 1.0 32177 1.0
39643 
39659 
39708 
39746 
39765 
39766 
39858 
39979 37896 2.0
40086 7981 1.0
40168 
40173 
40191 
40262 
40284 40531 1.0
40285 
40301 119272 1.0
40327 
40387 44326 1.0
40497 
40518 
40531 6805 1.0 40284 1.0
40597 
40606 
40653 
40654 
40672 91 4.0 44479 2.0
40803 
40941 
40967 
41148 174230 1.0
41511 
41537 45437 1.0
41806 
41888 
41892 
41950 
42019 
42032 
42038 
42089 
42108 104848 1.0
42145 
42157 
42282 
42383 94318 1.0
42520 
42728 45604 2.0
42875 
43466 
43517 
43670 4447 1.0 75937 1.0 119406 1.0
43712 
43831 
44170 
44272 46164 4.0
44301 
44326 40387 1.0
44359 
44391 
44399 
44469 
44479 91 2.0 40672 2.0
44563 
44573 44576 1.0
44574 
44576 44573 1.0
44664 106073 1.0
44712 
44783 6361 1.0 143300 1.0 203650 1.0
44961 160955 2.0 167259 1.0
45182 179016 1.0
45437 41537 1.0
45468 
45512 
45514 
45604 42728 2.0
45712 
45830 97133 1.0
46000 
46100 
46164 44272 4.0 50052 1.0 1947141 1.0
46232 
46342 
47025 
47165 
47543 
47606 
47696 
47990 
47991 
48003 
48029 
48031 
48095 955 1.0
48115 
48117 16151 2.0 16401 1.0
48162 
48174 
48181 
48184 
48193 
48299 
48389 
48455 
48499 
48525 
48730 
48740 
48834 1776 1.0
48835 
49209 49210 1.0
49210 49209 1.0
49319 272693 4.0
49322 
49482 
49489 
49558 
49665 
49718 
49938 
50052 46164 1.0
50277 
50285 
50346 
50383 91 1.0 2867 1.0
50531 
50654 
50703 50704 1.0 50705 1.0
50704 50703 1.0 50705 1.0
50705 50703 1.0 50704 1.0 117598 1.0
50733 
50809 
50834 
50875 
50906 
51413 
51430 
51451 
51548 
51559 
51561 
51647 
51729 175998 1.0
51939 
51946 
52161 
52321 
52356 
52654 
52655 
52700 
52711 
52722 83828 1.0
52725 
52781 
53329 
53330 
53655 
53665 
53824 
53867 
53885 
53923 
53984 
53995 
54176 
54202 
54323 143427 2.0
54365 
54412 
54489 
54548 
54549 
54642 
54644 
54645 
54786 
54811 32327 1.0
55016 
55333 
55418 1598 1.0
55447 
55494 
55502 
55598 
55673 
55776 4256 1.0
55793 848 2.0 18265 1.0
55794 35478 1.0
55883 
56392 
56426 
56487 
56513 
56718 
56836 
57000 
57504 
57562 
57723 
57957 
58310 
58512 
58674 
58733 174694 1.0
58999 
59030 
59046 
59091 
59206 
59234 9405 1.0 9633 1.0 9757 1.0 144313 1.0
59506 
59977 97536 2.0 144473 2.0 167514 1.0
60089 
60139 6984 1.0
60146 
60207 
60273 
60274 
60616 
60704 
60706 
60945 
60980 
61150 
61343 
61498 112085 1.0
61696 62618 1.0
61824 160955 1.0
61825 61827 4.0
61827 61825 4.0
62563 
62593 
62618 61696 1.0
62665 
62775 
62928 
63265 
63412 
63643 
63690 
63697 
63701 
63717 
64433 
64641 
64674 
64862 
64894 
65015 
65060 65061 1.0
65061 65060 1.0
65140 13626 2.0
65242 
65362 955 2.0
65543 
65566 65567 1.0 192348 1.0
65567 65566 1.0 192348 2.0
65568 
65767 
66342 
66405 
66407 
66504 
66509 
66534 
66535 
66635 
66729 
66866 
66950 
67054 
67680 
67798 
67963 
68042 
68083 
68169 
68180 
68265 
68570 
68840 
68901 
69209 
69248 69249 1.0
69249 69248 1.0
69339 69342 3.0
69341 
69342 69339 3.0 93783 1.0
69343 
69375 
69538 
69642 
69781 
69944 
69959 
69960 
69961 
70093 
70549 
70853 
70901 
70946 
71260 
71371 
71633 26475 1.0
71656 
72020 
72271 
72278 114924 1.0
72620 
72685 
73005 
73031 
73032 
73176 
73330 
73375 
73393 
73395 
73427 
73471 
73635 
73678 
73688 
73734 
73996 
74021 
74184 
74207 34466 1.0
74220 338066 1.0
74377 
74599 
74628 
74686 
74801 
74839 
75277 
75369 
75387 86296 1.0
75393 
75937 43670 1.0
76000 
76012 9715 1.0 76258 1.0
76211 
76258 76012 1.0
76627 
76711 
76756 
76797 
76798 
77128 
77559 
77961 
78144 
78436 
78675 22962 1.0
78726 4561 1.0
78806 24281 5.0
79022 
79345 
79643 
79707 
79709 
79725 
79730 37682 3.0 270614 1.0
79821 
79837 
79885 
79914 
80050 
80227 
80385 
80402 
80550 
80571 
80572 
80698 
80735 
80749 
81035 
81300 
81372 
81532 
81558 
81561 28677 1.0 30017 1.0
81597 17834 1.0
81629 
81630 
81645 
81700 
81701 205481 1.0
81919 28677 1.0 30017 1.0
81944 
81989 
82044 
82045 
82063 82064 3.0
82064 39339 1.0 82063 3.0 82403 1.0 129690 1.0
82118 
82349 
82403 39339 1.0 82064 1.0 129690 1.0
82432 18455 3.0
82466 
82530 
82672 28338 1.0 38705 2.0
82885 
83124 
83229 
83493 7857 1.0
83779 
83828 52722 1.0 173603 1.0 515313 1.0
84892 
84916 
84966 
84967 
85032 1524 2.0
85033 
85341 
85468 
85573 
85663 
86070 26830 1.0 27335 1.0 27336 1.0
86107 
86232 
86296 75387 1.0
86519 91032 11.0
86655 
86656 
86946 
87046 
87244 
87312 
87610 
87679 
87681 
87682 
87787 
88115 
88339 
88713 
88817 
88872 
88939 
89031 
89604 
89632 
89942 
90032 
90457 
90808 90809 6.0
90809 90808 6.0
91021 
91032 86519 11.0
91240 
91478 
91654 
91728 
91850 
91917 
92331 
92341 
92388 
92409 
92593 
92594 
92637 
92657 
92866 
92876 
93092 848 2.0 167259 1.0
93159 
93303 
93604 9135 6.0
93713 
93783 69342 1.0
93854 
93866 
94100 
94174 
94318 42383 1.0
94324 
94741 
95265 
95752 
95774 
95775 
95793 
95868 
95913 
95966 
96098 
96493 
96577 
96734 
97007 128753 1.0
97009 
97133 45830 1.0
97521 
97536 59977 2.0 144473 3.0 167514 1.0
97637 
98376 
98418 129690 1.0
98597 
98866 
98938 
99032 
99140 
99197 
99448 
99514 
99694 91 1.0
99924 
99976 32076 1.0
100037 
100097 
100319 
100341 
100442 
100676 
101195 
101642 
102023 
102207 
102463 
102526 
102578 33342 2.0 33452 1.0
102796 
102832 
102910 
103029 
103064 
103079 
103111 
103545 
103622 
103706 
103744 
103758 
104216 
104350 37380 1.0 386443 1.0
104738 
104771 
104848 42108 1.0
105056 129309 1.0
105107 
105166 
105168 
105354 
105396 
105450 
105577 
105987 
106073 44664 1.0
106188 
106226 9950 1.0
106679 
107231 
107238 
107304 
107557 
107690 
107748 
107856 
107915 
107922 
107930 
108304 
108565 
108758 
108760 16284 1.0
108792 
109009 
109325 
109447 
109499 
109570 
109618 
109730 
109785 
110436 
110705 
110979 
111273 111894 1.0 129403 1.0 136176 1.0
111894 111273 1.0 129403 3.0 136176 2.0
112085 61498 1.0
112120 
112156 
112209 
112210 
112244 
112472 
113353 
113509 
113723 
114022 
114213 
114684 
114924 72278 1.0
115416 
115698 
115905 
116305 
116683 
117598 50705 1.0
117923 
118336 
118347 
118429 
119272 40301 1.0
119406 4447 1.0 43670 1.0
119887 
120240 
120567 
120603 
120980 
121140 
121300 
121364 
121497 9872 1.0
121566 
121584 
121605 
121606 
121627 
121760 
122107 
122649 
122799 
122961 
123011 
123051 
123078 
123663 
123810 
124215 
124943 
125197 
126352 
126356 
126811 
128296 
128302 
128334 
128391 
128753 91 1.0 97007 1.0
128869 220371 1.0
128885 
129309 105056 1.0
129403 181 1.0 111273 1.0 111894 3.0 136176 2.0
129673 
129690 39339 1.0 82064 1.0 82403 1.0 98418 1.0
129832 
129931 
129978 
130432 5150 1.0
130573 
130808 
131373 143763 2.0 445047 1.0
131591 
131851 
132213 
132415 
132568 
132819 132821 3.0
132821 3441 1.0 132819 3.0 146080 1.0
132887 
132927 
133294 
133331 
134201 
134235 
134985 
135162 
135191 
135226 
135751 
135794 
136176 111273 1.0 111894 2.0 129403 2.0
136207 
137348 18731 1.0
137428 
138772 
138778 
140112 
140992 
141300 
141519 
141534 175839 1.0
141715 
141830 
142372 
143008 
143275 
143300 6361 1.0 44783 1.0 203650 1.0
143310 
143425 
143427 16951 2.0 54323 2.0
143579 
143674 
143763 131373 2.0 445047 1.0
143891 
144313 9405 1.0 9757 1.0 59234 1.0
144473 59977 2.0 97536 3.0 167514 1.0
144562 
144579 
144716 
144958 
144959 
145106 
145574 
145822 
145900 
146080 3441 1.0 132821 1.0
146659 
146816 
146945 
146946 
147096 199933 2.0
147268 
147269 
147346 
147347 
147454 
147565 
148434 
148757 
148840 
148848 
148852 
149348 
149448 
149473 
149552 3373 1.0
149820 
149827 
150077 
150377 
150711 
151326 
151865 
152136 
152350 
152862 
153192 
153868 
154996 
155187 
155301 
155490 
155792 9261 2.0
156049 
156051 
156335 
156720 
156859 194730 3.0
156910 
157193 
157378 
157397 
157417 
157787 
157907 
157968 
158016 9709 1.0
158361 
158362 
158541 
158572 
158738 
159358 
159383 
159450 
159484 
159775 
160006 
160164 
160556 
160560 
160926 
160955 44961 2.0 61824 1.0
161333 
161367 
161808 
162078 
162204 
162703 
162824 
163108 
163355 
163379 
163405 
163845 
163867 
164389 
165010 
165333 
165598 
165710 
165714 
165716 
166063 
166733 
166767 
167004 
167259 44961 1.0 93092 1.0
167514 59977 1.0 97536 1.0 144473 1.0
167924 
168036 
168037 
168661 
168709 32356 1.0
168955 
169384 
169540 
170380 9405 1.0 33442 1.0
170402 
170993 
172390 
172578 
172910 
173389 
173390 
173556 
173603 83828 1.0 515313 1.0
174230 41148 1.0
174410 
174456 
174505 
174694 58733 1.0
175675 
175754 
175839 141534 1.0
175998 51729 1.0
176859 
176933 22733 1.0
177300 
177369 
177680 18199 1.0
178233 
179016 45182 1.0
179078 
179741 
180680 
181166 
181577 
181646 
182283 
182284 
182857 
183372 
183691 
183967 
184057 
184090 
184095 
184414 
184422 
184668 
184670 
185744 
186695 
186711 9633 6.0
186833 
186895 
187141 
187585 
188266 
188414 
188770 
188900 
189113 
189672 
189748 
189763 
189848 
189902 
189943 
191491 
191596 
191605 
192225 
192348 65566 1.0 65567 2.0
192402 
193068 
193478 
193925 
194137 
194277 
194485 
194730 156859 3.0
195048 
195600 
196174 
197014 
197442 
197530 
197567 
198115 
198117 
198142 
198368 
198385 
198518 
198534 
198676 
198889 
198890 
198891 
199699 
199706 
199912 
199933 147096 2.0
200056 
200444 
201015 
201235 
203074 
203402 
203539 
203650 6361 1.0 44783 1.0 143300 1.0
203846 
204132 
204513 
205126 
205474 
205481 81701 1.0
205662 
205709 
206235 
206256 2582 1.0
206756 
207034 
207911 
208408 
210809 
210810 
211088 
211251 
211718 
212101 
212842 
212843 
214439 
214993 
215040 
215702 
216276 
216513 
217206 
217648 
218178 301052 1.0
219103 
219116 
219675 
219898 
220371 128869 1.0
221822 
221928 
221943 
222170 
222171 880527 1.0
222565 
223298 
223671 
223748 
223920 
223954 
224325 
224908 
224918 
225257 
225276 
225285 
225527 
226311 
227282 
227518 30634 1.0
227608 
227741 
227852 
227896 
228320 
228352 
228589 
230942 17834 2.0
231966 
232199 
232500 
233577 
234599 
234911 
235113 
235562 
235582 
236785 
238082 
239761 
240140 
241600 
242118 
242273 
242683 
244617 
244728 
244830 
245301 
245385 
245789 
246714 
249670 
249975 
250270 
250607 
250850 
251736 
251761 
251871 
252348 
252958 
253161 
253223 
253958 
255824 
256190 
256450 
257328 
259751 
261409 
261883 
262289 
262776 
262826 
262886 
264470 
264795 
265022 33895 1.0
265788 
265808 
266194 
266853 
267695 
268928 
269660 
269661 
269727 
269771 
269772 
270523 
270594 
270597 
270614 37682 1.0 79730 1.0
270943 
271378 
272171 
272212 
272221 
272238 
272270 
272356 
272693 49319 4.0
273008 
273432 
274001 
275259 
275325 
277275 
277315 
277535 
278606 
278713 
280140 
283877 
284394 
288850 7309 1.0
289448 
289946 
290102 
290323 
290843 
291060 
291232 
293255 
293582 
293974 
294172 
294219 
294286 
294814 
295133 
295223 
296416 
296619 
297176 
297867 
300850 
301052 218178 1.0
301082 
301113 
301816 
302469 
303166 
303712 16401 1.0
304329 
304807 
305557 
306762 
306832 
309444 
312603 
313057 
313393 
313431 
315891 
316572 
317305 
318007 
319455 
321302 
322126 
324571 
325273 
325280 
326505 
326929 
326999 
327030 
327088 
328734 
329507 
330845 
331254 
335103 
336857 
338066 74220 1.0
338299 
343567 
343884 
343919 
344578 
344595 
344842 
346050 
347014 
347234 
347490 
348174 
349167 35127 1.0
350603 
351271 
351515 
351883 
351896 
354517 
354633 
356194 
356291 
356325 
357109 
357149 
357722 26821 1.0
358319 
358398 
358752 
359655 
360256 
362311 
362408 
362769 
363343 
363910 
365406 
365700 
365788 
366065 
367123 
367799 
368615 
370657 
371141 
371218 
372871 
374781 
375162 
375885 
376061 
376463 
376824 
376855 
377548 
378093 
378988 1263986 1.0
382209 
382235 
382546 
383463 
383982 
386135 
386152 
386443 37380 1.0 104350 1.0
386528 
387078 
387948 
389656 
389674 
390294 
390353 
390625 
391134 
391389 
391523 
391622 
392855 
394675 
400266 
401061 
401561 
402282 
402430 
403903 
408084 
413250 
414632 
416517 515313 1.0
417896 
419316 
419526 
420272 
421339 
423336 
423610 
426073 
426375 
426881 
426996 
428064 
429894 
430104 3127 1.0 4718 4.0 524474 1.0
431049 
433623 
435131 
436421 
439174 
440170 24665 1.0 511540 1.0
445047 131373 1.0 143763 1.0
445293 
445880 
446030 
446031 
449548 
450328 
451675 
456291 
457361 
457981 
458437 
458622 
459063 
460550 
464535 
466526 
466540 
466652 
468508 
470913 
478469 
487012 
488489 
490741 
490813 
491003 
491504 
493850 
495491 
496813 
504963 
507201 
507832 
508057 
511540 440170 1.0
513679 
513773 
513855 
514517 
515313 83828 1.0 173603 1.0 416517 1.0
517210 
517972 
520285 
522569 
522830 
522832 
523624 
524474 4718 1.0 430104 1.0
530409 
531227 
535549 
535580 
535581 
535594 
537987 
538556 
540484 
540949 
541943 
542893 
543758 
548368 
552554 
554287 
555531 
557511 
558464 
558503 
559417 
562316 
564213 
564486 
569537 
569727 
573761 
575676 
576643 
576869 
578403 
578835 
583800 
585332 
588828 
588975 
590963 
591856 
593661 
596265 
601241 
608480 
609701 
610612 
614342 
616543 
618340 
618342 
622034 
633992 
635532 
640593 
640906 
647982 
650640 
655198 
657425 
663289 
665601 
671639 
675209 
678189 
730481 
733030 
734253 
744305 30757 1.0 31489 3.0
748413 
748906 
770784 
789629 
794766 
796010 
826422 
843250 
875538 
880527 222171 1.0
880528 
880870 
914564 
937809 
941650 
958935 
1238998 
1263986 378988 1.0
1434303 
1684818 8926 1.0
1947141 46164 1.0
