87 
91 181 1.0 2482 1.0 5910 1.0 30138 1.0 40672 1.0 47165 1.0 69642 1.0 129690 1.0
100 93159 3.0 306832 3.0
103 
181 91 1.0 48162 1.0 99197 1.0 152350 1.0
259 
260 4447 1.0 26821 1.0 43670 1.0 55494 1.0 98597 1.0
457 12520 1.0
656 
667 
749 
759 
791 
807 808 1.0
808 807 1.0
848 18265 3.0 93092 1.0
879 18813 1.0
953 955 1.0
955 953 1.0
977 
989 7231 1.0
1018 25183 2.0 58310 3.0
1524 
1584 
1588 
1593 9100 1.0
1598 143275 2.0
1776 
1864 26821 1.0 27335 1.0
1919 
2150 
2171 
2176 
2181 58674 1.0
2184 
2200 
2204 
2246 
2300 
2455 37810 1.0
2460 
2482 91 1.0
2494 
2517 
2534 21030 1.0 44301 1.0
2558 
2580 
2582 
2587 18835 1.0 18849 1.0
2800 
2849 
2862 
2863 
2867 152350 1.0
2953 
2955 
3010 
3042 
3127 4480 1.0 4718 2.0 249975 1.0 430104 1.0
3161 
3190 
3213 
3343 
3373 149552 2.0 344578 1.0
3375 
3376 
3394 
3432 
3441 
3631 4447 1.0 119406 1.0
3988 
3992 
3993 
4221 
4256 
4266 
4274 
4291 
4447 260 1.0 3631 1.0 26821 1.0 43670 4.0 98597 1.0 119406 2.0
4467 
4473 16401 1.0 46100 1.0
4474 
4480 3127 1.0 184414 1.0 249975 1.0
4487 
4489 
4499 
4500 
4504 4505 5.0 7195 1.0
4505 4504 5.0 18634 1.0
4516 
4529 
4533 
4546 
4549 35709 1.0
4556 
4561 
4678 
4697 
4718 3127 2.0 430104 2.0 524474 1.0
4737 
4768 
4904 
4928 4929 2.0
4929 4928 2.0 4969 1.0
4969 4929 1.0
4997 
4998 
5003 
5119 5467 1.0 128753 3.0
5150 
5159 
5207 
5250 
5268 
5285 
5312 
5410 
5441 
5452 
5467 5119 1.0 12855 1.0
5517 69375 4.0 358752 1.0
5709 
5815 
5834 
5910 91 1.0
5945 
6068 
6098 
6106 22236 2.0
6139 
6143 
6186 
6361 
6380 
6460 15193 1.0
6462 
6477 23894 1.0 23896 1.0
6558 
6582 7786 1.0
6595 78144 1.0
6714 
6756 82672 1.0
6805 40531 1.0
6962 
6981 
6984 
7039 
7195 4504 1.0
7231 989 1.0
7280 36267 6.0
7281 9132 3.0 34405 1.0 59206 1.0
7309 288850 1.0
7337 64641 1.0
7501 
7550 28570 1.0 28571 1.0
7559 
7596 
7608 
7620 
7647 
7691 
7692 
7757 
7766 22733 2.0
7781 
7786 6582 1.0
7792 
7857 83493 1.0
7921 
7926 
7974 
7981 40086 1.0
8057 
8093 
8129 
8206 
8214 189848 1.0
8236 
8609 
8744 
8766 
8926 
8927 
8928 
9064 
9092 
9100 1593 1.0
9116 
9122 
9132 7281 3.0 34405 1.0 59206 1.0
9135 93604 1.0
9158 9280 1.0 16235 1.0
9261 155792 2.0
9280 9158 1.0 16235 1.0
9324 
9375 
9405 31490 1.0 33442 4.0 170380 2.0
9419 
9436 9437 1.0 14671 8.0 21497 3.0
9437 9436 1.0
9496 
9497 
9579 
9613 48003 1.0
9633 15875 1.0 34322 2.0 59234 3.0
9639 
9643 27243 1.0
9645 
9662 
9701 128869 1.0 220371 1.0
9709 
9711 
9715 
9741 
9757 
9769 
9860 10100 2.0
9872 121497 1.0
9877 
9950 
9960 28164 1.0 157968 1.0
9965 
9994 
10014 
10100 9860 2.0
10102 
10186 37896 1.0
10196 
10223 
10233 
10235 25471 1.0 47990 1.0
10259 
10285 99976 1.0
10303 
10327 
10357 
10358 
10450 
10545 
10562 10563 1.0
10563 10562 1.0 18261 2.0
10598 
10601 
10758 
11048 515313 1.0
11134 
11318 
11319 19088 2.0
11454 
11515 
11700 
11714 
11717 
12428 
12520 457 1.0
12725 19761 1.0
12730 
12855 5467 1.0 55793 1.0
12863 30017 1.0
12887 
12958 
12971 
13210 
13385 
13467 
13507 
13625 13626 2.0
13626 13625 2.0 65140 3.0 66729 3.0
13650 
13662 
13747 
13758 
13880 
13908 
13942 
14217 
14223 
14264 
14301 14302 1.0
14302 14301 1.0
14327 
14474 
14482 
14508 
14512 
14650 
14651 
14654 232500 1.0
14671 9436 8.0 21497 5.0
14707 93303 1.0
14771 
14803 
14804 
14806 32177 2.0
14823 
14851 
14867 168709 1.0
14879 
14880 
14893 
14894 16457 1.0 37257 1.0
15043 
15070 83828 1.0 98866 1.0
15072 
15159 
15193 6460 1.0
15223 21191 1.0
15423 
15559 
15586 15587 2.0
15587 15586 2.0
15875 9633 1.0
15948 
15949 
15956 
15970 
16030 182284 1.0
16104 
16105 23774 1.0
16147 
16149 
16151 16401 1.0 48117 2.0
16222 
16223 
16224 
16235 9158 1.0 9280 1.0
16280 
16282 
16283 
16284 108760 1.0
16401 4473 1.0 16151 1.0 46100 1.0 48117 1.0
16457 14894 1.0 37257 1.0
16536 
16951 121584 2.0 143427 2.0
17249 
17834 230942 1.0
17851 79885 1.0
17910 
17945 
18066 
18199 
18261 10563 2.0
18265 848 3.0
18400 18401 1.0
18401 18400 1.0
18418 
18455 
18619 
18634 4505 1.0
18675 
18731 62665 1.0
18809 
18813 879 1.0
18835 2587 1.0
18836 
18849 2587 1.0
18880 25291 1.0
18895 
18923 
18959 
18971 
19084 
19085 
19086 19088 1.0
19088 11319 2.0 19086 1.0 19219 1.0 50809 2.0 60139 2.0 73678 2.0
19132 
19195 
19209 
19210 
19219 19088 1.0
19220 
19223 
19457 
19534 46000 1.0
19761 12725 1.0
19921 
20450 
20566 
20602 
20638 48730 1.0 130432 2.0
20675 
20676 
20703 
20789 
20793 
20795 
20797 
21003 
21030 2534 1.0 44301 1.0
21136 
21159 21160 3.0
21160 21159 3.0
21191 15223 1.0
21196 
21221 21222 1.0
21222 21221 1.0 234911 1.0
21318 21319 5.0
21319 21318 5.0
21429 
21497 9436 3.0 14671 5.0
21519 
21746 38397 1.0
21747 
21958 
21962 
22078 
22093 
22198 121566 1.0
22236 6106 2.0
22278 228320 1.0
22372 146816 1.0
22733 7766 2.0
22962 54176 1.0 78675 1.0
22984 
22990 
23088 
23203 
23335 
23345 
23451 
23774 16105 1.0
23894 6477 1.0 23896 1.0
23896 6477 1.0 23894 1.0
24072 
24079 
24196 
24281 
24315 
24316 
24404 
24479 
24550 
24602 
24665 
24693 
24938 
25164 
25183 1018 2.0 58310 2.0
25219 
25265 
25291 18880 1.0
25294 
25329 
25346 
25367 
25471 10235 1.0
25507 
25572 27063 1.0
25711 
25834 
25890 
25891 
26092 
26105 
26293 
26376 26377 1.0 157193 1.0
26377 26376 1.0 157193 1.0
26475 
26731 
26821 260 1.0 1864 1.0 4447 1.0 43670 1.0 98597 1.0
26830 86070 1.0 316572 1.0
26838 
26877 
26952 
27063 25572 1.0
27082 
27234 
27235 
27243 9643 1.0
27335 1864 1.0 27336 2.0
27336 27335 2.0
27390 
27640 
28161 
28163 28164 1.0
28164 9960 1.0 28163 1.0 149827 1.0
28165 
28185 
28338 
28570 7550 1.0 28571 1.0 42383 1.0 94318 1.0
28571 7550 1.0 28570 1.0
28609 
28611 
28644 
28668 
28677 30017 3.0 42520 1.0 81561 1.0
28694 
28826 
28840 
29067 
29099 
29237 
29286 
29486 
29518 
29876 
30016 
30017 12863 1.0 28677 3.0
30138 91 1.0
30187 
30296 
30342 
30343 
30381 
30405 
30632 128296 1.0
30634 
30745 
30757 
30842 
30843 
30883 
30923 
30983 
31036 
31259 
31488 
31489 
31490 9405 1.0 33442 1.0
31763 
31942 
32076 
32177 14806 2.0
32183 
32184 
32189 
32327 54811 1.0
32353 
32356 
32470 
32546 
32574 
32707 
32760 
32889 
32989 120567 1.0
33342 146816 1.0
33402 
33431 
33442 9405 4.0 31490 1.0 170380 2.0
33452 
33508 
33719 
33828 
33895 
33923 
34156 
34163 
34233 
34322 9633 2.0
34405 7281 1.0 9132 1.0 59206 1.0
34466 
34617 
34678 609701 1.0
35110 
35111 
35127 
35158 78144 1.0
35283 
35389 
35413 61696 1.0
35429 148757 2.0
35444 
35478 
35608 
35709 4549 1.0
35785 
35939 
36023 
36267 7280 6.0
36621 
36625 
36641 
36689 
37044 
37171 
37234 
37235 94174 1.0
37257 14894 1.0 16457 1.0
37287 
37291 
37298 
37380 
37381 386443 1.0
37418 
37419 
37451 
37558 
37561 513773 2.0
37682 79730 2.0 81700 2.0
37688 
37692 
37694 164389 1.0
37756 
37760 
37810 2455 1.0
37836 
37841 
37896 10186 1.0
37918 
37958 
37990 
38025 
38053 
38149 
38323 
38397 21746 1.0
38531 
38607 
38705 
38868 
38904 
38978 
38996 
39074 
39142 
39339 76012 1.0
39374 
39525 
39527 
39643 
39659 
39708 
39746 
39765 
39766 
39858 
39979 
40086 7981 1.0
40168 
40173 
40191 
40262 
40284 
40285 
40301 
40327 
40387 
40497 
40518 
40531 6805 1.0
40597 
40606 74207 1.0
40653 
40654 
40672 91 1.0
40803 
40941 
40967 
41148 174230 1.0
41511 147269 1.0
41537 
41806 
41888 
41892 
41950 
42019 
42032 
42038 
42089 
42108 
42145 
42157 
42282 
42383 28570 1.0 94318 2.0
42520 28677 1.0 81561 1.0
42728 45604 1.0
42875 
43466 
43517 
43670 260 1.0 4447 4.0 26821 1.0 98597 1.0 119406 3.0
43712 
43831 
44170 
44272 46164 1.0
44301 2534 1.0 21030 1.0
44326 
44359 
44391 
44399 
44469 
44479 
44563 
44573 
44574 
44576 
44664 
44712 
44783 
44961 93092 2.0
45182 
45437 
45468 
45512 
45514 
45604 42728 1.0
45712 
45830 97133 1.0
46000 19534 1.0
46100 4473 1.0 16401 1.0
46164 44272 1.0 1947141 2.0
46232 
46342 
47025 
47165 91 1.0
47543 
47606 
47696 
47990 10235 1.0 99924 1.0
47991 
48003 9613 1.0
48029 
48031 
48095 
48115 
48117 16151 2.0 16401 1.0
48162 181 1.0 152350 1.0
48174 
48181 
48184 
48193 
48299 
48389 
48455 
48499 
48525 
48730 20638 1.0
48740 
48834 
48835 
49209 
49210 
49319 272693 1.0
49322 
49482 
49489 
49558 
49665 
49718 
49938 
50052 
50277 261409 1.0 270594 1.0
50285 
50346 
50383 
50531 
50654 
50703 
50704 
50705 
50733 
50809 19088 2.0
50834 
50875 
50906 
51413 
51430 
51451 
51548 
51559 
51561 
51647 
51729 
51939 
51946 
52161 
52321 
52356 
52654 
52655 
52700 
52711 
52722 83828 1.0
52725 
52781 
53329 
53330 
53655 
53665 
53824 
53867 
53885 
53923 
53984 
53995 
54176 22962 1.0 78675 1.0
54202 
54323 66866 1.0
54365 
54412 
54489 
54548 
54549 
54642 
54644 
54645 
54786 
54811 32327 1.0
55016 
55333 
55418 
55447 
55494 260 1.0
55502 
55598 
55673 
55776 
55793 12855 1.0
55794 
55883 
56392 
56426 
56487 
56513 
56718 
56836 
57000 
57504 
57562 
57723 
57957 
58310 1018 3.0 25183 2.0
58512 
58674 2181 1.0
58733 
58999 
59030 
59046 
59091 
59206 7281 1.0 9132 1.0 34405 1.0
59234 9633 3.0
59506 
59977 97536 5.0 144473 4.0 167514 5.0
60089 
60139 19088 2.0 73678 2.0
60146 
60207 
60273 
60274 
60616 
60704 
60706 
60945 149827 1.0
60980 
61150 
61343 
61498 
61696 35413 1.0
61824 160955 1.0
61825 61827 2.0
61827 61825 2.0 163379 1.0
62563 
62593 
62618 
62665 18731 1.0
62775 
62928 
63265 
63412 
63643 
63690 
63697 
63701 
63717 
64433 
64641 7337 1.0
64674 
64862 
64894 
65015 
65060 65061 1.0
65061 65060 1.0
65140 13626 3.0 66729 3.0
65242 78144 1.0
65362 
65543 
65566 65567 1.0
65567 65566 1.0 192348 1.0
65568 
65767 
66342 
66405 
66407 
66504 
66509 
66534 
66535 
66635 
66729 13626 3.0 65140 3.0
66866 54323 1.0
66950 
67054 
67680 
67798 
67963 
68042 
68083 
68169 
68180 
68265 
68570 
68840 
68901 
69209 
69248 
69249 
69339 69342 1.0
69341 
69342 69339 1.0
69343 
69375 5517 4.0
69538 
69642 91 1.0
69781 
69944 
69959 69961 1.0 346050 1.0
69960 
69961 69959 1.0 346050 1.0
70093 149827 1.0
70549 
70853 
70901 
70946 
71260 
71371 
71633 
71656 
72020 
72271 
72278 
72620 
72685 
73005 
73031 73032 2.0
73032 73031 2.0
73176 
73330 
73375 
73393 
73395 
73427 
73471 
73635 
73678 19088 2.0 60139 2.0
73688 
73734 
73996 
74021 
74184 
74207 40606 1.0
74220 
74377 
74599 
74628 
74686 
74801 
74839 
75277 
75369 
75387 86296 1.0
75393 
75937 
76000 
76012 39339 1.0 76258 1.0
76211 
76258 76012 1.0
76627 
76711 
76756 
76797 80385 1.0
76798 
77128 
77559 
77961 
78144 6595 1.0 35158 1.0 65242 1.0
78436 
78675 22962 1.0 54176 1.0
78726 100097 1.0
78806 
79022 
79345 
79643 
79707 
79709 
79725 
79730 37682 2.0 81700 3.0
79821 107856 1.0
79837 
79885 17851 1.0 219675 1.0
79914 
80050 
80227 
80385 76797 1.0
80402 
80550 
80571 80572 1.0
80572 80571 1.0
80698 
80735 
80749 
81035 129931 1.0
81300 
81372 
81532 
81558 
81561 28677 1.0 42520 1.0
81597 230942 1.0
81629 
81630 
81645 
81700 37682 2.0 79730 3.0
81701 
81919 
81944 
81989 
82044 
82045 
82063 82064 2.0
82064 82063 2.0
82118 
82349 
82403 
82432 
82466 
82530 
82672 6756 1.0
82885 
83124 
83229 
83493 7857 1.0
83779 
83828 15070 1.0 52722 1.0 98866 1.0
84892 
84916 
84966 
84967 
85032 
85033 
85341 324571 1.0
85468 
85573 
85663 
86070 26830 1.0
86107 
86232 
86296 75387 1.0
86519 
86655 
86656 
86946 
87046 
87244 
87312 
87610 
87679 
87681 
87682 
87787 
88115 
88339 
88713 
88817 
88872 
88939 
89031 
89604 
89632 
89942 
90032 
90457 
90808 90809 7.0 142372 1.0
90809 90808 7.0 142372 1.0
91021 
91032 
91240 
91478 
91654 
91728 
91850 
91917 
92331 
92341 
92388 
92409 
92593 92594 1.0
92594 92593 1.0
92637 
92657 
92866 
92876 
93092 848 1.0 44961 2.0
93159 100 3.0 306832 1.0
93303 14707 1.0
93604 9135 1.0
93713 
93783 
93854 
93866 
94100 
94174 37235 1.0
94318 28570 1.0 42383 2.0
94324 
94741 
95265 223920 1.0
95752 
95774 
95775 
95793 
95868 
95913 
95966 
96098 
96493 
96577 
96734 
97007 
97009 
97133 45830 1.0
97521 
97536 59977 5.0 144473 4.0 167514 5.0
97637 
98376 
98418 194730 1.0
98597 260 1.0 4447 1.0 26821 1.0 43670 1.0
98866 15070 1.0 83828 1.0
98938 
99032 
99140 
99197 181 1.0
99448 
99514 
99694 
99924 47990 1.0
99976 10285 1.0
100037 
100097 78726 1.0
100319 
100341 
100442 
100676 
101195 
101642 
102023 
102207 
102463 
102526 
102578 
102796 
102832 
102910 
103029 
103064 
103079 
103111 
103545 
103622 
103706 
103744 
103758 
104216 
104350 386443 1.0
104738 
104771 
104848 
105056 
105107 
105166 
105168 
105354 
105396 
105450 
105577 
105987 
106073 
106188 
106226 
106679 
107231 
107238 
107304 
107557 
107690 
107748 
107856 79821 1.0
107915 
107922 
107930 
108304 
108565 
108758 
108760 16284 1.0
108792 
109009 
109325 
109447 
109499 
109570 
109618 
109730 212843 1.0
109785 
110436 
110705 
110979 
111273 
111894 
112085 
112120 
112156 
112209 
112210 
112244 
112472 
113353 
113509 
113723 
114022 
114213 
114684 
114924 
115416 
115698 
115905 
116305 
116683 
117598 
117923 
118336 
118347 
118429 
119272 
119406 3631 1.0 4447 2.0 43670 3.0
119887 
120240 
120567 32989 1.0
120603 
120980 
121140 
121300 
121364 
121497 9872 1.0
121566 22198 1.0
121584 16951 2.0 143427 2.0
121605 
121606 
121627 
121760 
122107 
122649 
122799 382209 1.0 508057 1.0
122961 
123011 
123051 
123078 
123663 
123810 
124215 
124943 
125197 
126352 
126356 
126811 
128296 30632 1.0
128302 
128334 
128391 
128753 5119 3.0
128869 9701 1.0 220371 1.0
128885 
129309 
129403 
129673 
129690 91 1.0
129832 
129931 81035 1.0
129978 
130432 20638 2.0
130573 
130808 
131373 143763 1.0
131591 
131851 
132213 
132415 
132568 
132819 132821 3.0
132821 132819 3.0 146080 1.0
132887 
132927 
133294 
133331 
134201 
134235 
134985 
135162 
135191 
135226 
135751 
135794 
136176 
136207 
137348 
137428 
138772 
138778 
140112 
140992 
141300 
141519 
141534 
141715 
141830 
142372 90808 1.0 90809 1.0
143008 
143275 1598 2.0
143300 
143310 
143425 
143427 16951 2.0 121584 2.0
143579 
143674 
143763 131373 1.0
143891 
144313 
144473 59977 4.0 97536 4.0 167514 4.0
144562 
144579 
144716 
144958 
144959 
145106 
145574 
145822 
145900 
146080 132821 1.0
146659 
146816 22372 1.0 33342 1.0
146945 146946 1.0
146946 146945 1.0
147096 199933 1.0
147268 
147269 41511 1.0
147346 
147347 
147454 
147565 
148434 
148757 35429 2.0
148840 
148848 
148852 
149348 
149448 
149473 
149552 3373 2.0 316572 1.0
149820 
149827 28164 1.0 60945 1.0 70093 1.0
150077 
150377 
150711 
151326 
151865 
152136 
152350 181 1.0 2867 1.0 48162 1.0
152862 
153192 
153868 
154996 
155187 
155301 
155490 
155792 9261 2.0
156049 
156051 
156335 
156720 
156859 194730 2.0
156910 
157193 26376 1.0 26377 1.0
157378 
157397 
157417 
157787 
157907 
157968 9960 1.0
158016 
158361 
158362 
158541 
158572 
158738 
159358 
159383 
159450 
159484 
159775 
160006 
160164 
160556 
160560 
160926 
160955 61824 1.0
161333 
161367 
161808 
162078 
162204 
162703 
162824 
163108 
163355 
163379 61827 1.0
163405 
163845 
163867 
164389 37694 1.0
165010 
165333 
165598 
165710 
165714 
165716 
166063 
166733 
166767 
167004 
167259 
167514 59977 5.0 97536 5.0 144473 4.0
167924 
168036 168037 1.0
168037 168036 1.0
168661 
168709 14867 1.0 198891 1.0
168955 
169384 
169540 
170380 9405 2.0 33442 2.0
170402 
170993 
172390 
172578 
172910 
173389 173390 3.0
173390 173389 3.0
173556 
173603 
174230 41148 1.0
174410 
174456 
174505 
174694 
175675 
175754 
175839 
175998 
176859 
176933 
177300 
177369 
177680 
178233 
179016 
179078 
179741 
180680 
181166 
181577 
181646 
182283 
182284 16030 1.0
182857 
183372 
183691 
183967 
184057 
184090 
184095 
184414 4480 1.0
184422 
184668 
184670 
185744 
186695 
186711 
186833 
186895 
187141 
187585 
188266 
188414 
188770 
188900 
189113 
189672 
189748 
189763 
189848 8214 1.0
189902 
189943 
191491 
191596 
191605 
192225 
192348 65567 1.0
192402 
193068 
193478 
193925 371141 1.0
194137 
194277 
194485 
194730 98418 1.0 156859 2.0
195048 
195600 
196174 
197014 
197442 
197530 
197567 
198115 
198117 
198142 
198368 
198385 
198518 
198534 
198676 
198889 
198890 
198891 168709 1.0
199699 
199706 
199912 
199933 147096 1.0
200056 
200444 
201015 
201235 
203074 
203402 
203539 
203650 
203846 
204132 
204513 
205126 
205474 
205481 
205662 
205709 
206235 
206256 
206756 
207034 
207911 
208408 
210809 
210810 
211088 
211251 
211718 
212101 
212842 
212843 109730 1.0
214439 
214993 
215040 
215702 
216276 
216513 
217206 
217648 
218178 
219103 
219116 
219675 79885 1.0
219898 
220371 9701 1.0 128869 1.0
221822 
221928 
221943 
222170 
222171 
222565 
223298 
223671 
223748 
223920 95265 1.0
223954 
224325 
224908 
224918 
225257 
225276 
225285 
225527 
226311 
227282 
227518 
227608 
227741 
227852 
227896 
228320 22278 1.0
228352 
228589 
230942 17834 1.0 81597 1.0
231966 
232199 
232500 14654 1.0
233577 
234599 
234911 21222 1.0
235113 
235562 
235582 
236785 
238082 
239761 
240140 
241600 
242118 
242273 
242683 
244617 
244728 
244830 
245301 
245385 
245789 
246714 
249670 
249975 3127 1.0 4480 1.0
250270 
250607 
250850 
251736 
251761 
251871 
252348 
252958 
253161 
253223 
253958 
255824 
256190 
256450 
257328 
259751 
261409 50277 1.0 270594 2.0
261883 
262289 
262776 
262826 
262886 
264470 
264795 
265022 
265788 
265808 
266194 
266853 
267695 
268928 
269660 
269661 
269727 
269771 
269772 
270523 
270594 50277 1.0 261409 2.0
270597 
270614 
270943 
271378 541943 3.0
272171 
272212 
272221 
272238 
272270 
272356 
272693 49319 1.0
273008 
273432 
274001 
275259 
275325 
277275 
277315 
277535 
278606 
278713 
280140 
283877 
284394 
288850 7309 1.0
289448 
289946 
290102 
290323 315891 1.0
290843 
291060 
291232 
293255 
293582 
293974 
294172 
294219 
294286 
294814 
295133 
295223 
296416 
296619 
297176 
297867 
300850 
301052 
301082 
301113 
301816 
302469 
303166 
303712 
304329 
304807 
305557 
306762 
306832 100 3.0 93159 1.0
309444 
312603 
313057 
313393 
313431 
315891 290323 1.0
316572 26830 1.0 149552 1.0
317305 
318007 
319455 
321302 
322126 
324571 85341 1.0
325273 
325280 
326505 
326929 
326999 
327030 
327088 
328734 
329507 
330845 
331254 
335103 
336857 
338066 
338299 
343567 
343884 
343919 
344578 3373 1.0
344595 
344842 
346050 69959 1.0 69961 1.0
347014 
347234 
347490 
348174 
349167 
350603 
351271 
351515 
351883 
351896 
354517 
354633 
356194 
356291 
356325 
357109 
357149 
357722 
358319 
358398 
358752 5517 1.0
359655 
360256 
362311 
362408 
362769 
363343 
363910 
365406 
365700 
365788 
366065 
367123 
367799 
368615 
370657 
371141 193925 1.0
371218 
372871 
374781 
375162 
375885 
376061 
376463 
376824 487012 1.0
376855 
377548 
378093 
378988 1263986 1.0
382209 122799 1.0 508057 1.0
382235 
382546 
383463 
383982 
386135 
386152 
386443 37381 1.0 104350 1.0
386528 
387078 
387948 
389656 
389674 
390294 
390353 
390625 
391134 
391389 
391523 
391622 
392855 
394675 
400266 
401061 
401561 
402282 
402430 
403903 
408084 
413250 
414632 
416517 
417896 
419316 
419526 
420272 
421339 
423336 
423610 
426073 
426375 
426881 
426996 
428064 
429894 
430104 3127 1.0 4718 2.0
431049 
433623 
435131 
436421 
439174 
440170 
445047 
445293 
445880 
446030 
446031 
449548 
450328 
451675 
456291 
457361 
457981 
458437 
458622 
459063 
460550 
464535 
466526 
466540 
466652 
468508 
470913 
478469 
487012 376824 1.0
488489 
490741 
490813 
491003 
491504 
493850 
495491 
496813 
504963 
507201 
507832 
508057 122799 1.0 382209 1.0
511540 
513679 
513773 37561 2.0
513855 
514517 
515313 11048 1.0
517210 
517972 
520285 
522569 
522830 
522832 
523624 
524474 4718 1.0
530409 
531227 
535549 
535580 
535581 
535594 
537987 
538556 
540484 
540949 
541943 271378 3.0
542893 
543758 
548368 
552554 
554287 
555531 
557511 
558464 
558503 
559417 
562316 
564213 
564486 
569537 
569727 
573761 
575676 
576643 
576869 
578403 
578835 
583800 
585332 
588828 
588975 
590963 
591856 
593661 
596265 
601241 
608480 
609701 34678 1.0
610612 
614342 
616543 
618340 
618342 
622034 
633992 
635532 
640593 
640906 
647982 
650640 
655198 
657425 
663289 
665601 
671639 
675209 
678189 
730481 
733030 
734253 
744305 
748413 
748906 
770784 
789629 
794766 
796010 
826422 
843250 
875538 
880527 
880528 
880870 
914564 
937809 
941650 
958935 
1238998 
1263986 378988 1.0
1434303 
1684818 
1947141 46164 2.0
