87 
91 181 3.0 656 1.0 2482 1.0 4678 1.0 5910 1.0 9405 1.0 40672 6.0 47165 2.0 50383 1.0 61150 1.0 112085 2.0 129690 1.0 172390 1.0
100 10303 2.0 93159 2.0 306832 3.0
103 
181 91 3.0 48162 1.0 99197 1.0
259 
260 391622 1.0
457 
656 91 1.0
667 82045 1.0
749 9436 1.0
759 
791 82349 3.0
807 808 1.0
808 807 1.0
848 4474 1.0 18265 2.0
879 18813 1.0
953 955 3.0 4274 1.0
955 953 3.0 2150 1.0 4274 1.0 6962 1.0 7620 1.0 65362 1.0
977 
989 4533 3.0 7231 2.0
1018 58310 1.0
1524 
1584 
1588 
1593 
1598 13625 1.0 37810 2.0 76012 1.0 143275 3.0
1776 2460 1.0 9375 1.0 92331 1.0
1864 26821 2.0 27335 1.0 27336 1.0
1919 
2150 955 1.0
2171 
2176 
2181 
2184 
2200 
2204 
2246 
2300 
2455 6714 2.0 18880 1.0 19220 2.0
2460 1776 1.0 2534 1.0 9375 1.0
2482 91 1.0
2494 9405 1.0 33442 1.0
2517 
2534 2460 1.0
2558 
2580 
2582 
2587 11319 1.0
2800 
2849 5467 1.0 12855 1.0 81989 3.0
2862 
2863 17249 1.0
2867 
2953 
2955 
3010 
3042 
3127 
3161 
3190 
3213 
3343 
3373 3375 3.0 149552 1.0
3375 3373 3.0
3376 
3394 
3432 107557 1.0
3441 
3631 4447 1.0 119406 1.0
3988 44170 1.0
3992 
3993 37298 1.0
4221 
4256 
4266 
4274 953 1.0 955 1.0 8129 1.0 48029 1.0
4291 189902 1.0
4447 3631 1.0 26821 1.0 43670 2.0 51946 2.0 98597 1.0 119406 3.0 357722 1.0 391622 1.0
4467 
4473 
4474 848 1.0
4480 
4487 
4489 
4499 
4500 
4504 4505 3.0
4505 4504 3.0 18634 3.0
4516 
4529 4533 1.0
4533 989 3.0 4529 1.0 7231 1.0
4546 
4549 35709 1.0
4556 
4561 53665 1.0
4678 91 1.0
4697 
4718 
4737 
4768 
4904 
4928 
4929 
4969 
4997 
4998 
5003 50383 1.0
5119 18849 1.0
5150 48455 1.0
5159 
5207 
5250 
5268 18418 1.0 28677 1.0
5285 
5312 
5410 
5441 
5452 
5467 2849 1.0 12855 3.0 18835 1.0 20638 2.0 103622 1.0
5517 69375 3.0
5709 78675 1.0
5815 
5834 
5910 91 1.0
5945 
6068 
6098 
6106 22236 1.0
6139 19088 1.0
6143 
6186 
6361 
6380 
6460 6462 1.0 15193 1.0 39074 2.0
6462 6460 1.0
6477 23896 1.0
6558 68180 1.0
6582 
6595 35158 1.0 65140 1.0
6714 2455 2.0 19220 3.0
6756 
6805 40531 1.0
6962 955 1.0 72620 1.0
6981 44272 1.0 46164 1.0
6984 
7039 9701 2.0 128869 2.0
7195 65767 1.0 189943 2.0
7231 989 2.0 4533 1.0
7280 9132 1.0 36267 4.0
7281 9132 1.0 34405 1.0 59206 1.0
7309 214439 1.0 288850 1.0
7337 
7501 
7550 28570 2.0 28571 1.0 42383 1.0
7559 
7596 
7608 
7620 955 1.0
7647 
7691 
7692 
7757 94741 2.0
7766 
7781 
7786 28644 1.0 49938 1.0
7792 
7857 
7921 
7926 
7974 
7981 40086 1.0 48499 6.0 100442 1.0
8057 
8093 
8129 4274 1.0
8206 
8214 
8236 145106 1.0
8609 
8744 
8766 107690 2.0
8926 
8927 39525 1.0 179741 1.0
8928 
9064 
9092 
9100 
9116 
9122 
9132 7280 1.0 7281 1.0 34405 1.0 36267 1.0 59206 1.0
9135 
9158 
9261 14806 1.0 155792 6.0
9280 
9324 
9375 1776 1.0 2460 1.0 33923 2.0
9405 91 1.0 2494 1.0 31490 1.0 33442 3.0
9419 
9436 749 1.0 9437 1.0 14671 9.0 21497 3.0
9437 9436 1.0
9496 
9497 
9579 
9613 48003 1.0
9633 59234 1.0
9639 15956 1.0
9643 
9645 
9662 33431 3.0
9701 7039 2.0 128869 2.0
9709 39525 2.0
9711 
9715 48174 1.0
9741 
9757 
9769 426375 1.0
9860 10100 2.0
9872 121497 2.0
9877 
9950 44326 1.0 216513 1.0
9960 28163 3.0 28164 3.0 28165 3.0 157968 3.0
9965 
9994 
10014 
10100 9860 2.0
10102 
10186 
10196 
10223 
10233 
10235 
10259 
10285 31489 1.0
10303 100 2.0 61827 1.0 306832 2.0
10327 32574 1.0
10357 10358 1.0
10358 10357 1.0 25572 1.0
10450 
10545 
10562 
10563 
10598 
10601 
10758 18261 1.0
11048 
11134 
11318 
11319 2587 1.0 21030 1.0
11454 
11515 
11700 
11714 
11717 
12428 429894 1.0
12520 
12725 19761 1.0
12730 30342 1.0 30343 2.0
12855 2849 1.0 5467 3.0
12863 30017 1.0
12887 
12958 
12971 
13210 275325 1.0
13385 
13467 
13507 
13625 1598 1.0 13626 3.0
13626 13625 3.0 13662 1.0 65140 4.0 66729 3.0 169384 1.0
13650 
13662 13626 1.0 65140 1.0 169384 1.0
13747 
13758 
13880 
13908 
13942 
14217 
14223 
14264 85573 1.0
14301 
14302 
14327 17945 1.0
14474 
14482 159775 1.0
14508 
14512 
14650 14651 1.0
14651 14650 1.0
14654 28185 1.0
14671 9436 9.0 21497 2.0
14707 18261 2.0
14771 
14803 14806 1.0
14804 
14806 9261 1.0 14803 1.0 32177 2.0
14823 
14851 
14867 
14879 
14880 78436 1.0
14893 14894 2.0 81300 1.0
14894 14893 2.0 122961 1.0
15043 
15070 
15072 45830 1.0
15159 
15193 6460 1.0
15223 
15423 
15559 
15586 
15587 
15875 
15948 
15949 
15956 9639 1.0
15970 
16030 
16104 16105 1.0
16105 16104 1.0
16147 
16149 
16151 16401 1.0 48117 2.0
16222 
16223 16224 1.0
16224 16223 1.0
16235 
16280 
16282 
16283 16284 1.0
16284 16283 1.0 108760 1.0
16401 16151 1.0 48117 1.0
16457 37257 1.0
16536 
16951 143427 1.0
17249 2863 1.0
17834 81597 1.0
17851 
17910 
17945 14327 1.0
18066 
18199 
18261 10758 1.0 14707 2.0
18265 848 2.0
18400 18401 1.0
18401 18400 1.0
18418 5268 1.0 28677 2.0
18455 32183 3.0 32184 3.0
18619 
18634 4505 3.0
18675 
18731 62665 2.0 137348 1.0
18809 
18813 879 1.0
18835 5467 1.0
18836 92331 1.0
18849 5119 1.0
18880 2455 1.0 25291 1.0
18895 
18923 
18959 
18971 
19084 19086 1.0 19088 2.0
19085 
19086 19084 1.0 19088 3.0
19088 6139 1.0 19084 2.0 19086 3.0 37044 2.0 50809 1.0 354517 1.0
19132 
19195 
19209 
19210 
19219 
19220 2455 2.0 6714 3.0
19223 
19457 
19534 
19761 12725 1.0
19921 
20450 
20566 
20602 
20638 5467 2.0 69209 1.0 130432 2.0
20675 118429 1.0
20676 
20703 
20789 
20793 20795 2.0
20795 20793 2.0
20797 
21003 
21030 11319 1.0
21136 
21159 
21160 
21191 28570 1.0 28571 1.0
21196 
21221 
21222 234911 2.0
21318 21319 3.0
21319 21318 3.0 120240 1.0
21429 
21497 9436 3.0 14671 2.0
21519 192402 1.0
21746 38397 1.0
21747 
21958 
21962 
22078 
22093 
22198 
22236 6106 1.0
22278 
22372 
22733 
22962 
22984 
22990 
23088 
23203 
23335 
23345 
23451 26293 1.0
23774 
23894 
23896 6477 1.0 66535 1.0
24072 
24079 
24196 
24281 78806 1.0
24315 24316 1.0
24316 24315 1.0
24404 
24479 
24550 55776 1.0 98866 1.0
24602 
24665 
24693 
24938 
25164 
25183 
25219 
25265 
25291 18880 1.0
25294 
25329 
25346 
25367 
25471 
25507 
25572 10358 1.0
25711 
25834 
25890 
25891 
26092 
26105 
26293 23451 1.0
26376 
26377 
26475 
26731 
26821 1864 2.0 4447 1.0 27335 1.0 27336 1.0 51946 1.0 98597 1.0 357722 1.0 391622 1.0
26830 27335 2.0 27336 2.0
26838 
26877 
26952 
27063 
27082 
27234 66534 1.0
27235 28570 1.0 42383 1.0
27243 
27335 1864 1.0 26821 1.0 26830 2.0 27336 2.0
27336 1864 1.0 26821 1.0 26830 2.0 27335 2.0
27390 
27640 
28161 
28163 9960 3.0 28164 6.0 28165 3.0 157968 3.0
28164 9960 3.0 28163 6.0 28165 3.0 157968 3.0
28165 9960 3.0 28163 3.0 28164 3.0 157968 3.0
28185 14654 1.0
28338 
28570 7550 2.0 21191 1.0 27235 1.0 28571 3.0 42038 1.0 42383 3.0
28571 7550 1.0 21191 1.0 28570 3.0 42038 1.0
28609 
28611 
28644 7786 1.0 49938 1.0
28668 
28677 5268 1.0 18418 2.0 42520 3.0 147269 1.0 158572 1.0
28694 30634 1.0
28826 245385 1.0
28840 
29067 
29099 
29237 
29286 
29486 
29518 
29876 
30016 
30017 12863 1.0
30138 
30187 
30296 
30342 12730 1.0 30343 1.0
30343 12730 2.0 30342 1.0
30381 
30405 
30632 
30634 28694 1.0
30745 
30757 
30842 
30843 
30883 
30923 
30983 
31036 
31259 
31488 
31489 10285 1.0
31490 9405 1.0 33442 1.0
31763 105056 1.0 129309 1.0
31942 
32076 32353 1.0 99976 1.0
32177 14806 2.0
32183 18455 3.0 32184 3.0
32184 18455 3.0 32183 3.0
32189 
32327 
32353 32076 1.0
32356 290323 1.0 315891 1.0
32470 
32546 
32574 10327 1.0
32707 
32760 
32889 
32989 134201 1.0
33342 102578 1.0
33402 
33431 9662 3.0
33442 2494 1.0 9405 3.0 31490 1.0
33452 
33508 
33719 
33828 
33895 70853 1.0
33923 9375 2.0
34156 
34163 
34233 
34322 
34405 7281 1.0 9132 1.0 59206 1.0
34466 
34617 
34678 
35110 
35111 
35127 
35158 6595 1.0
35283 
35389 
35413 
35429 148757 2.0
35444 
35478 
35608 
35709 4549 1.0
35785 
35939 
36023 
36267 7280 4.0 9132 1.0
36621 
36625 
36641 
36689 
37044 19088 2.0
37171 
37234 
37235 37836 1.0
37257 16457 1.0
37287 
37291 
37298 3993 1.0
37380 
37381 
37418 
37419 
37451 
37558 
37561 513773 1.0
37682 48029 1.0 79730 4.0 313393 1.0
37688 
37692 
37694 
37756 
37760 
37810 1598 2.0 155490 1.0
37836 37235 1.0
37841 
37896 39979 1.0
37918 
37958 
37990 
38025 
38053 
38149 
38323 155301 1.0
38397 21746 1.0
38531 
38607 331254 1.0
38705 
38868 
38904 
38978 
38996 
39074 6460 2.0
39142 
39339 129690 1.0
39374 
39525 8927 1.0 9709 2.0 179741 1.0
39527 
39643 
39659 
39708 
39746 
39765 
39766 
39858 
39979 37896 1.0
40086 7981 1.0 100442 1.0
40168 
40173 
40191 
40262 
40284 40531 2.0
40285 40531 1.0 113353 1.0
40301 
40327 
40387 44326 1.0
40497 
40518 
40531 6805 1.0 40284 2.0 40285 1.0
40597 
40606 
40653 
40654 66504 1.0 253223 1.0
40672 91 6.0 44479 1.0 61150 1.0 112085 2.0
40803 290102 1.0
40941 
40967 
41148 174230 1.0
41511 
41537 
41806 
41888 
41892 
41950 
42019 
42032 
42038 28570 1.0 28571 1.0
42089 
42108 
42145 
42157 
42282 
42383 7550 1.0 27235 1.0 28570 3.0 144959 1.0
42520 28677 3.0
42728 
42875 
43466 
43517 
43670 4447 2.0 119406 2.0
43712 
43831 
44170 3988 1.0
44272 6981 1.0 46164 1.0
44301 
44326 9950 1.0 40387 1.0 216513 1.0
44359 
44391 
44399 
44469 
44479 40672 1.0
44563 
44573 44576 1.0
44574 
44576 44573 1.0
44664 
44712 
44783 
44961 160955 1.0
45182 
45437 
45468 
45512 
45514 
45604 
45712 
45830 15072 1.0
46000 
46100 
46164 6981 1.0 44272 1.0
46232 
46342 
47025 
47165 91 2.0
47543 
47606 
47696 49209 1.0 49210 1.0
47990 99924 1.0
47991 
48003 9613 1.0
48029 4274 1.0 37682 1.0 79730 1.0 313393 1.0
48031 
48095 
48115 
48117 16151 2.0 16401 1.0
48162 181 1.0 99197 1.0
48174 9715 1.0
48181 
48184 
48193 
48299 
48389 
48455 5150 1.0
48499 7981 6.0
48525 
48730 
48740 
48834 
48835 
49209 47696 1.0 49210 3.0
49210 47696 1.0 49209 3.0
49319 272693 3.0
49322 
49482 
49489 
49558 
49665 
49718 
49938 7786 1.0 28644 1.0
50052 
50277 
50285 81372 1.0
50346 
50383 91 1.0 5003 1.0
50531 
50654 
50703 
50704 
50705 117598 2.0
50733 
50809 19088 1.0
50834 
50875 
50906 
51413 
51430 
51451 
51548 
51559 
51561 
51647 
51729 
51939 
51946 4447 2.0 26821 1.0 98597 1.0 357722 1.0 391622 1.0
52161 
52321 
52356 
52654 
52655 
52700 
52711 
52722 83828 1.0
52725 
52781 
53329 
53330 
53655 72278 1.0
53665 4561 1.0
53824 
53867 105987 1.0
53885 65362 2.0
53923 
53984 
53995 
54176 54202 2.0
54202 54176 2.0
54323 
54365 
54412 
54489 
54548 
54549 
54642 
54644 
54645 
54786 
54811 
55016 
55333 
55418 
55447 
55494 69343 1.0 273008 1.0
55502 
55598 
55673 
55776 24550 1.0
55793 
55794 
55883 
56392 
56426 
56487 
56513 
56718 
56836 
57000 
57504 
57562 
57723 
57957 
58310 1018 1.0
58512 
58674 
58733 
58999 77961 1.0
59030 
59046 
59091 
59206 7281 1.0 9132 1.0 34405 1.0
59234 9633 1.0
59506 
59977 97536 3.0 144473 3.0 167514 3.0
60089 
60139 
60146 
60207 
60273 
60274 
60616 
60704 
60706 
60945 
60980 
61150 91 1.0 40672 1.0 112085 1.0
61343 
61498 
61696 125197 1.0
61824 160955 1.0
61825 61827 5.0 147454 1.0
61827 10303 1.0 61825 5.0 79885 1.0 147454 1.0
62563 
62593 
62618 
62665 18731 2.0 137348 2.0
62775 
62928 
63265 
63412 
63643 
63690 
63697 
63701 
63717 
64433 
64641 
64674 
64862 
64894 
65015 
65060 
65061 
65140 6595 1.0 13626 4.0 13662 1.0 66729 3.0 75393 1.0 169384 1.0
65242 
65362 955 1.0 53885 2.0
65543 94741 1.0
65566 
65567 192348 1.0
65568 
65767 7195 1.0
66342 
66405 
66407 
66504 40654 1.0 253223 1.0
66509 
66534 27234 1.0
66535 23896 1.0
66635 
66729 13626 3.0 65140 3.0
66866 
66950 
67054 
67680 163379 1.0
67798 
67963 
68042 
68083 
68169 
68180 6558 1.0
68265 
68570 
68840 
68901 
69209 20638 1.0 130432 1.0
69248 69249 1.0
69249 69248 1.0
69339 69341 1.0 69342 4.0
69341 69339 1.0 69342 1.0
69342 69339 4.0 69341 1.0
69343 55494 1.0
69375 5517 3.0
69538 
69642 
69781 
69944 
69959 
69960 
69961 
70093 
70549 
70853 33895 1.0
70901 
70946 
71260 
71371 
71633 
71656 
72020 
72271 
72278 53655 1.0 114924 1.0
72620 6962 1.0
72685 
73005 
73031 
73032 
73176 
73330 
73375 
73393 
73395 
73427 
73471 
73635 
73678 
73688 
73734 
73996 
74021 
74184 
74207 
74220 
74377 
74599 
74628 
74686 79725 1.0
74801 
74839 
75277 
75369 
75387 
75393 65140 1.0
75937 655198 1.0
76000 
76012 1598 1.0 76258 2.0
76211 
76258 76012 2.0
76627 
76711 185744 4.0 221928 2.0 278606 4.0
76756 
76797 
76798 
77128 
77559 
77961 58999 1.0
78144 
78436 14880 1.0
78675 5709 1.0
78726 
78806 24281 1.0
79022 
79345 128885 3.0
79643 
79707 
79709 
79725 74686 1.0
79730 37682 4.0 48029 1.0 313393 1.0
79821 107856 1.0
79837 
79885 61827 1.0 219675 2.0
79914 
80050 
80227 
80385 
80402 
80550 
80571 80572 3.0
80572 80571 3.0
80698 
80735 
80749 
81035 
81300 14893 1.0
81372 50285 1.0
81532 
81558 
81561 
81597 17834 1.0 114924 1.0
81629 
81630 
81645 
81700 
81701 
81919 
81944 
81989 2849 3.0
82044 
82045 667 1.0
82063 82064 2.0
82064 82063 2.0
82118 
82349 791 3.0
82403 
82432 
82466 
82530 
82672 
82885 
83124 
83229 
83493 
83779 
83828 52722 1.0
84892 
84916 
84966 
84967 
85032 
85033 
85341 
85468 
85573 14264 1.0
85663 
86070 
86107 
86232 
86296 
86519 
86655 
86656 
86946 
87046 
87244 
87312 294814 1.0
87610 
87679 
87681 
87682 
87787 
88115 
88339 
88713 
88817 
88872 
88939 
89031 
89604 
89632 
89942 
90032 
90457 
90808 90809 10.0 142372 1.0
90809 90808 10.0 142372 1.0
91021 
91032 
91240 
91478 
91654 
91728 351271 2.0
91850 
91917 
92331 1776 1.0 18836 1.0
92341 
92388 
92409 
92593 
92594 
92637 
92657 
92866 
92876 
93092 
93159 100 2.0
93303 
93604 
93713 
93783 
93854 
93866 
94100 
94174 
94318 
94324 
94741 7757 2.0 65543 1.0
95265 
95752 
95774 
95775 
95793 
95868 
95913 
95966 
96098 
96493 156335 1.0
96577 
96734 113353 1.0
97007 
97009 
97133 
97521 
97536 59977 3.0 144473 3.0 167514 3.0
97637 
98376 
98418 194730 1.0
98597 4447 1.0 26821 1.0 51946 1.0 357722 1.0 391622 1.0
98866 24550 1.0
98938 
99032 
99140 
99197 181 1.0 48162 1.0
99448 
99514 
99694 
99924 47990 1.0
99976 32076 1.0
100037 
100097 
100319 
100341 
100442 7981 1.0 40086 1.0
100676 
101195 
101642 
102023 
102207 
102463 
102526 
102578 33342 1.0
102796 
102832 
102910 
103029 
103064 128296 1.0
103079 
103111 
103545 
103622 5467 1.0
103706 
103744 
103758 160006 1.0
104216 
104350 
104738 
104771 
104848 
105056 31763 1.0 129309 1.0
105107 
105166 
105168 
105354 
105396 
105450 
105577 
105987 53867 1.0
106073 
106188 
106226 
106679 
107231 
107238 
107304 
107557 3432 1.0
107690 8766 2.0
107748 
107856 79821 1.0
107915 
107922 
107930 
108304 
108565 
108758 
108760 16284 1.0
108792 
109009 
109325 
109447 
109499 
109570 
109618 
109730 
109785 
110436 
110705 
110979 
111273 
111894 
112085 91 2.0 40672 2.0 61150 1.0
112120 
112156 
112209 
112210 
112244 
112472 
113353 40285 1.0 96734 1.0
113509 
113723 
114022 
114213 
114684 
114924 72278 1.0 81597 1.0 230942 1.0
115416 
115698 
115905 
116305 
116683 
117598 50705 2.0
117923 
118336 
118347 
118429 20675 1.0
119272 
119406 3631 1.0 4447 3.0 43670 2.0
119887 
120240 21319 1.0
120567 
120603 
120980 
121140 
121300 
121364 
121497 9872 2.0
121566 
121584 
121605 
121606 
121627 
121760 
122107 
122649 
122799 
122961 14894 1.0
123011 
123051 
123078 
123663 
123810 
124215 
124943 
125197 61696 1.0
126352 
126356 
126811 
128296 103064 1.0
128302 
128334 
128391 
128753 
128869 7039 2.0 9701 2.0
128885 79345 3.0
129309 31763 1.0 105056 1.0
129403 
129673 
129690 91 1.0 39339 1.0
129832 
129931 
129978 
130432 20638 2.0 69209 1.0
130573 
130808 
131373 143763 1.0
131591 
131851 
132213 
132415 
132568 
132819 132821 3.0
132821 132819 3.0
132887 
132927 
133294 
133331 146945 1.0
134201 32989 1.0
134235 
134985 
135162 
135191 
135226 
135751 
135794 
136176 
136207 
137348 18731 1.0 62665 2.0
137428 
138772 
138778 
140112 
140992 
141300 245385 1.0
141519 
141534 
141715 
141830 
142372 90808 1.0 90809 1.0
143008 
143275 1598 3.0
143300 
143310 
143425 143427 2.0
143427 16951 1.0 143425 2.0
143579 
143674 
143763 131373 1.0
143891 
144313 
144473 59977 3.0 97536 3.0 167514 3.0
144562 
144579 
144716 
144958 
144959 42383 1.0
145106 8236 1.0
145574 
145822 
145900 
146080 
146659 
146816 
146945 133331 1.0
146946 
147096 
147268 
147269 28677 1.0
147346 147347 1.0
147347 147346 1.0
147454 61825 1.0 61827 1.0
147565 
148434 
148757 35429 2.0
148840 
148848 
148852 
149348 
149448 
149473 
149552 3373 1.0
149820 
149827 
150077 
150377 
150711 
151326 
151865 
152136 
152350 
152862 
153192 
153868 
154996 
155187 
155301 38323 1.0
155490 37810 1.0
155792 9261 6.0
156049 
156051 
156335 96493 1.0
156720 
156859 
156910 
157193 
157378 
157397 
157417 
157787 
157907 
157968 9960 3.0 28163 3.0 28164 3.0 28165 3.0
158016 
158361 
158362 
158541 
158572 28677 1.0
158738 
159358 
159383 
159450 
159484 
159775 14482 1.0
160006 103758 1.0
160164 
160556 
160560 
160926 
160955 44961 1.0 61824 1.0
161333 
161367 
161808 
162078 
162204 
162703 
162824 
163108 
163355 
163379 67680 1.0
163405 
163845 
163867 
164389 
165010 
165333 
165598 
165710 
165714 
165716 
166063 
166733 
166767 
167004 
167259 
167514 59977 3.0 97536 3.0 144473 3.0
167924 
168036 
168037 
168661 
168709 
168955 
169384 13626 1.0 13662 1.0 65140 1.0
169540 
170380 
170402 
170993 
172390 91 1.0
172578 
172910 
173389 173390 1.0
173390 173389 1.0
173556 
173603 
174230 41148 1.0
174410 
174456 
174505 
174694 
175675 
175754 
175839 
175998 
176859 
176933 
177300 
177369 
177680 
178233 
179016 
179078 
179741 8927 1.0 39525 1.0
180680 
181166 
181577 
181646 
182283 
182284 
182857 
183372 222565 1.0
183691 
183967 
184057 
184090 
184095 
184414 
184422 
184668 
184670 
185744 76711 4.0 221928 2.0 278606 4.0
186695 
186711 
186833 
186895 
187141 
187585 
188266 
188414 
188770 
188900 
189113 
189672 
189748 
189763 
189848 
189902 4291 1.0
189943 7195 2.0
191491 
191596 
191605 
192225 
192348 65567 1.0
192402 21519 1.0
193068 
193478 
193925 
194137 
194277 
194485 
194730 98418 1.0
195048 
195600 
196174 
197014 
197442 
197530 
197567 
198115 
198117 
198142 
198368 
198385 
198518 
198534 
198676 
198889 
198890 
198891 315891 1.0
199699 
199706 
199912 
199933 
200056 
200444 
201015 
201235 
203074 
203402 
203539 
203650 
203846 
204132 
204513 
205126 
205474 
205481 
205662 
205709 
206235 
206256 
206756 
207034 
207911 
208408 
210809 
210810 
211088 
211251 
211718 
212101 
212842 
212843 
214439 7309 1.0 288850 1.0
214993 
215040 
215702 
216276 
216513 9950 1.0 44326 1.0
217206 
217648 
218178 
219103 
219116 
219675 79885 2.0
219898 
220371 
221822 
221928 76711 2.0 185744 2.0 278606 2.0
221943 
222170 
222171 880527 1.0 880528 1.0
222565 183372 1.0
223298 
223671 
223748 
223920 
223954 
224325 
224908 
224918 
225257 
225276 
225285 
225527 
226311 
227282 
227518 
227608 
227741 
227852 
227896 
228320 
228352 
228589 
230942 114924 1.0
231966 
232199 
232500 
233577 
234599 
234911 21222 2.0
235113 
235562 
235582 
236785 
238082 
239761 
240140 
241600 
242118 
242273 
242683 
244617 
244728 
244830 
245301 
245385 28826 1.0 141300 1.0
245789 
246714 
249670 
249975 
250270 
250607 
250850 
251736 
251761 
251871 
252348 
252958 
253161 
253223 40654 1.0 66504 1.0
253958 
255824 
256190 
256450 
257328 
259751 
261409 270594 1.0
261883 
262289 
262776 
262826 
262886 
264470 
264795 
265022 
265788 
265808 
266194 
266853 
267695 
268928 
269660 
269661 
269727 
269771 
269772 
270523 
270594 261409 1.0
270597 
270614 
270943 
271378 541943 2.0
272171 
272212 
272221 
272238 
272270 
272356 
272693 49319 3.0
273008 55494 1.0
273432 
274001 
275259 
275325 13210 1.0
277275 
277315 
277535 
278606 76711 4.0 185744 4.0 221928 2.0
278713 
280140 
283877 
284394 
288850 7309 1.0 214439 1.0
289448 
289946 
290102 40803 1.0
290323 32356 1.0 315891 1.0
290843 
291060 
291232 
293255 
293582 
293974 
294172 
294219 
294286 
294814 87312 1.0
295133 
295223 
296416 
296619 
297176 
297867 
300850 
301052 
301082 
301113 
301816 
302469 
303166 
303712 
304329 
304807 
305557 
306762 
306832 100 3.0 10303 2.0
309444 
312603 
313057 
313393 37682 1.0 48029 1.0 79730 1.0
313431 
315891 32356 1.0 198891 1.0 290323 1.0
316572 
317305 
318007 
319455 
321302 
322126 
324571 
325273 
325280 
326505 
326929 
326999 
327030 
327088 
328734 
329507 
330845 
331254 38607 1.0
335103 
336857 
338066 
338299 
343567 
343884 
343919 
344578 
344595 
344842 
346050 
347014 
347234 
347490 
348174 
349167 
350603 
351271 91728 2.0
351515 
351883 
351896 
354517 19088 1.0
354633 
356194 
356291 
356325 
357109 
357149 
357722 4447 1.0 26821 1.0 51946 1.0 98597 1.0 391622 1.0
358319 
358398 
358752 
359655 
360256 
362311 
362408 
362769 
363343 
363910 
365406 
365700 
365788 
366065 
367123 
367799 
368615 
370657 
371141 
371218 
372871 
374781 
375162 
375885 
376061 
376463 
376824 487012 1.0
376855 
377548 
378093 
378988 
382209 
382235 
382546 
383463 
383982 
386135 
386152 
386443 
386528 
387078 
387948 
389656 
389674 
390294 
390353 
390625 
391134 
391389 
391523 
391622 260 1.0 4447 1.0 26821 1.0 51946 1.0 98597 1.0 357722 1.0
392855 
394675 
400266 
401061 
401561 
402282 
402430 
403903 
408084 
413250 
414632 
416517 
417896 
419316 
419526 
420272 
421339 
423336 
423610 
426073 
426375 9769 1.0
426881 
426996 
428064 
429894 12428 1.0
430104 
431049 
433623 
435131 
436421 
439174 
440170 
445047 
445293 
445880 
446030 
446031 
449548 
450328 
451675 
456291 
457361 
457981 
458437 
458622 
459063 
460550 
464535 
466526 
466540 
466652 
468508 
470913 
478469 
487012 376824 1.0
488489 
490741 
490813 
491003 
491504 
493850 
495491 
496813 
504963 
507201 
507832 
508057 
511540 
513679 
513773 37561 1.0
513855 
514517 
515313 
517210 
517972 
520285 
522569 
522830 
522832 
523624 
524474 
530409 
531227 
535549 
535580 
535581 
535594 
537987 
538556 
540484 
540949 
541943 271378 2.0
542893 
543758 
548368 
552554 
554287 
555531 
557511 
558464 
558503 
559417 
562316 
564213 
564486 
569537 
569727 
573761 
575676 
576643 
576869 
578403 
578835 
583800 
585332 
588828 
588975 
590963 
591856 
593661 
596265 
601241 
608480 
609701 
610612 
614342 
616543 
618340 
618342 
622034 
633992 
635532 
640593 
640906 
647982 
650640 
655198 75937 1.0
657425 
663289 
665601 
671639 
675209 
678189 
730481 
733030 
734253 
744305 
748413 
748906 
770784 
789629 
794766 
796010 
826422 
843250 
875538 
880527 222171 1.0 880528 1.0
880528 222171 1.0 880527 1.0
880870 
914564 
937809 
941650 
958935 
1238998 
1263986 
1434303 
1684818 
1947141 
