87 
91 181 1.0 656 1.0 3394 1.0 5910 2.0 19921 1.0 35111 1.0 40672 1.0 40967 1.0 48117 1.0 50383 1.0 64674 1.0 69642 1.0 129690 1.0 172390 1.0
100 
103 
181 91 1.0 48162 1.0 99197 1.0 152350 1.0
259 
260 3631 1.0 26821 1.0 43670 4.0 75937 3.0 98597 3.0
457 
656 91 1.0
667 9769 1.0
749 
759 
791 
807 808 1.0
808 807 1.0
848 2867 1.0 55793 1.0
879 
953 955 1.0
955 953 1.0 2150 1.0 4274 2.0 7620 1.0 42875 1.0 48095 1.0 65362 2.0
977 8214 1.0 47991 1.0 189848 1.0
989 4533 2.0
1018 
1524 
1584 
1588 
1593 296416 1.0
1598 76012 1.0 143275 1.0
1776 9375 1.0 75277 1.0 92331 1.0
1864 9116 1.0 26821 2.0 82063 1.0 82064 1.0
1919 
2150 955 1.0 37235 1.0 50809 1.0
2171 
2176 
2181 789629 1.0
2184 36267 1.0
2200 
2204 
2246 
2300 
2455 6714 2.0 19220 6.0 31490 1.0 435131 2.0
2460 
2482 
2494 37298 2.0
2517 
2534 44301 1.0
2558 
2580 
2582 54489 1.0 206256 1.0
2587 5467 1.0
2800 
2849 5467 2.0 12855 2.0
2862 
2863 2867 1.0
2867 848 1.0 2863 1.0
2953 
2955 
3010 
3042 
3127 4718 1.0
3161 
3190 128869 1.0
3213 
3343 
3373 3375 2.0 3376 1.0 27335 1.0 149552 1.0
3375 3373 2.0 3376 1.0 316572 1.0
3376 3373 1.0 3375 1.0 316572 1.0
3394 91 1.0
3432 59091 1.0 107557 1.0
3441 
3631 260 1.0 4447 2.0 26821 1.0 75937 1.0
3988 
3992 
3993 
4221 
4256 
4266 
4274 955 2.0 9324 1.0
4291 
4447 3631 2.0 43670 3.0 75937 1.0 119406 1.0
4467 
4473 46100 1.0
4474 
4480 172578 1.0
4487 4489 1.0
4489 4487 1.0 49482 1.0 73330 1.0
4499 
4500 
4504 4505 4.0
4505 4504 4.0
4516 
4529 
4533 989 2.0
4546 18835 1.0 19921 1.0 151865 1.0
4549 6714 1.0 35709 4.0
4556 
4561 78726 1.0
4678 
4697 
4718 3127 1.0
4737 
4768 
4904 53665 1.0
4928 
4929 
4969 7620 1.0 16223 1.0
4997 4998 1.0
4998 4997 1.0
5003 
5119 18835 1.0 19921 1.0 128753 3.0
5150 
5159 
5207 
5250 
5268 
5285 
5312 14650 1.0 14651 1.0 81701 1.0
5410 38904 1.0
5441 
5452 
5467 2587 1.0 2849 2.0 12855 2.0 20638 2.0 20675 1.0 103622 1.0
5517 69375 2.0 358752 1.0
5709 
5815 
5834 
5910 91 2.0
5945 
6068 48031 2.0
6098 
6106 
6139 
6143 
6186 
6361 44783 1.0 203650 1.0
6380 
6460 39074 2.0
6462 
6477 66535 2.0
6558 
6582 
6595 75369 1.0
6714 2455 2.0 4549 1.0 16224 1.0 19220 2.0 435131 2.0
6756 
6805 40531 1.0
6962 
6981 
6984 270943 1.0
7039 
7195 13758 1.0
7231 
7280 36267 9.0 129673 2.0
7281 9132 3.0 34405 3.0 59206 1.0
7309 
7337 
7501 
7550 7691 1.0 7692 1.0 28570 2.0 28571 10.0 31490 1.0 42383 2.0 94318 1.0
7559 
7596 
7608 
7620 955 1.0 4969 1.0
7647 
7691 7550 1.0
7692 7550 1.0
7757 94741 2.0
7766 22733 1.0 109618 1.0 176933 2.0
7781 
7786 
7792 
7857 
7921 
7926 
7974 
7981 48499 4.0
8057 
8093 
8129 
8206 
8214 977 1.0 47991 1.0 189848 1.0
8236 145106 1.0
8609 
8744 
8766 
8926 
8927 
8928 
9064 26092 1.0
9092 
9100 
9116 1864 1.0 26821 1.0
9122 
9132 7281 3.0 34405 3.0
9135 
9158 
9261 14806 1.0 39525 1.0 155792 1.0
9280 
9324 4274 1.0
9375 1776 1.0 33923 1.0
9405 9757 1.0 31490 3.0 33442 1.0
9419 
9436 9437 5.0 14671 16.0 21497 2.0
9437 9436 5.0
9496 9497 1.0
9497 9496 1.0
9579 
9613 9645 2.0
9633 15875 2.0 186711 1.0
9639 
9643 
9645 9613 2.0
9662 33402 1.0 33431 1.0
9701 
9709 9711 1.0 39525 1.0
9711 9709 1.0 39525 1.0
9715 48174 1.0
9741 
9757 9405 1.0
9769 667 1.0 33895 1.0
9860 10100 5.0 59206 1.0
9872 
9877 
9950 
9960 
9965 
9994 
10014 
10100 9860 5.0
10102 
10186 10233 1.0
10196 
10223 
10233 10186 1.0
10235 
10259 15159 1.0 26838 3.0 47696 1.0
10285 
10303 
10327 40967 1.0
10357 
10358 25572 2.0
10450 20797 1.0 215040 1.0
10545 
10562 10758 2.0
10563 
10598 
10601 
10758 10562 2.0
11048 
11134 
11318 
11319 
11454 
11515 
11700 
11714 11717 2.0
11717 11714 2.0
12428 
12520 13507 1.0 21497 1.0 290843 1.0
12725 19761 3.0
12730 30342 1.0 30343 2.0
12855 2849 2.0 5467 2.0
12863 
12887 
12958 
12971 18836 1.0
13210 
13385 
13467 37234 1.0 37257 1.0 66950 1.0
13507 12520 1.0 21497 1.0 290843 1.0
13625 
13626 13662 1.0 65140 1.0
13650 
13662 13626 1.0 65140 1.0
13747 
13758 7195 1.0
13880 
13908 
13942 
14217 189672 1.0
14223 
14264 
14301 
14302 
14327 14851 2.0 17945 1.0 362769 1.0
14474 
14482 159775 1.0
14508 
14512 
14650 5312 1.0 14651 3.0
14651 5312 1.0 14650 3.0
14654 28185 2.0
14671 9436 16.0 21497 3.0
14707 18261 1.0 41148 3.0
14771 
14803 
14804 
14806 9261 1.0 32177 1.0
14823 174505 1.0
14851 14327 2.0
14867 59977 1.0 97536 1.0 167514 1.0
14879 14880 2.0 199933 1.0
14880 14879 2.0
14893 81300 1.0
14894 81300 1.0
15043 
15070 
15072 
15159 10259 1.0 47696 1.0
15193 
15223 
15423 33719 3.0
15559 
15586 15587 1.0
15587 15586 1.0
15875 9633 2.0
15948 
15949 
15956 
15970 
16030 
16104 
16105 23774 1.0
16147 
16149 
16151 48117 1.0
16222 16223 2.0 16224 1.0
16223 4969 1.0 16222 2.0 16224 2.0
16224 6714 1.0 16222 1.0 16223 2.0
16235 
16280 
16282 
16283 
16284 
16401 
16457 37257 1.0
16536 28571 1.0
16951 
17249 
17834 69538 1.0
17851 
17910 
17945 14327 1.0 362769 1.0
18066 
18199 
18261 14707 1.0
18265 
18400 18401 3.0
18401 18400 3.0
18418 
18455 
18619 
18634 
18675 
18731 
18809 
18813 
18835 4546 1.0 5119 1.0 18836 3.0
18836 12971 1.0 18835 3.0 20703 1.0
18849 
18880 
18895 289448 1.0
18923 
18959 
18971 
19084 19086 1.0 19088 1.0
19085 
19086 19084 1.0 19088 4.0 28694 1.0
19088 19084 1.0 19086 4.0 19219 1.0 28694 1.0
19132 
19195 19223 1.0 28694 1.0
19209 
19210 
19219 19088 1.0
19220 2455 6.0 6714 2.0 31490 1.0 435131 2.0
19223 19195 1.0
19457 
19534 
19761 12725 3.0
19921 91 1.0 4546 1.0 5119 1.0 77961 1.0 128753 1.0 151865 1.0
20450 27082 1.0
20566 
20602 
20638 5467 2.0 48730 1.0
20675 5467 1.0 21030 1.0 55883 1.0 118429 1.0
20676 
20703 18836 1.0
20789 
20793 20795 1.0
20795 20793 1.0
20797 10450 1.0
21003 789629 1.0
21030 20675 1.0
21136 
21159 21160 1.0
21160 21159 1.0
21191 28570 2.0 28571 1.0 42383 1.0
21196 
21221 
21222 234911 1.0
21318 
21319 
21429 
21497 9436 2.0 12520 1.0 13507 1.0 14671 3.0 290843 1.0
21519 33508 2.0
21746 38397 1.0
21747 
21958 
21962 30983 1.0
22078 
22093 
22198 
22236 
22278 
22372 
22733 7766 1.0 176933 2.0
22962 
22984 
22990 
23088 
23203 
23335 
23345 
23451 26293 1.0
23774 16105 1.0
23894 
23896 
24072 
24079 262289 1.0
24196 
24281 78806 1.0
24315 
24316 
24404 
24479 
24550 
24602 
24665 
24693 
24938 
25164 
25183 
25219 
25265 
25291 
25294 
25329 
25346 
25367 
25471 
25507 
25572 10358 2.0
25711 
25834 
25890 25891 1.0
25891 25890 1.0
26092 9064 1.0
26105 
26293 23451 1.0
26376 
26377 
26475 
26731 
26821 260 1.0 1864 2.0 3631 1.0 9116 1.0 75937 1.0
26830 86070 1.0
26838 10259 3.0
26877 
26952 
27063 
27082 20450 1.0
27234 27235 1.0
27235 27234 1.0 28570 2.0 28571 1.0 42383 1.0
27243 
27335 3373 1.0 27336 1.0
27336 27335 1.0
27390 
27640 
28161 
28163 28164 3.0 28165 1.0
28164 28163 3.0 28165 1.0
28165 28163 1.0 28164 1.0
28185 14654 2.0
28338 
28570 7550 2.0 21191 2.0 27235 2.0 28571 5.0 42383 3.0 102910 1.0
28571 7550 10.0 16536 1.0 21191 1.0 27235 1.0 28570 5.0 31490 1.0 42038 4.0
28609 
28611 
28644 
28668 
28677 30017 1.0 81561 1.0 81919 2.0
28694 19086 1.0 19088 1.0 19195 1.0
28826 245385 3.0
28840 
29067 
29099 
29237 
29286 
29486 
29518 
29876 
30016 
30017 28677 1.0
30138 
30187 
30296 198676 1.0
30342 12730 1.0 30343 1.0
30343 12730 2.0 30342 1.0
30381 
30405 
30632 
30634 
30745 
30757 
30842 
30843 
30883 
30923 
30983 21962 1.0
31036 
31259 89632 1.0
31488 
31489 
31490 2455 1.0 7550 1.0 9405 3.0 19220 1.0 28571 1.0 33442 1.0
31763 105056 1.0 129309 1.0
31942 
32076 99976 1.0
32177 14806 1.0
32183 
32184 
32189 
32327 54811 1.0
32353 
32356 
32470 
32546 
32574 
32707 
32760 
32889 
32989 134201 1.0
33342 66405 1.0 102578 1.0
33402 9662 1.0
33431 9662 1.0
33442 9405 1.0 31490 1.0
33452 
33508 21519 2.0
33719 15423 3.0
33828 
33895 9769 1.0 38868 1.0 70853 1.0
33923 9375 1.0
34156 
34163 
34233 
34322 
34405 7281 3.0 9132 3.0
34466 35283 1.0
34617 
34678 
35110 
35111 91 1.0 40672 1.0
35127 
35158 
35283 34466 1.0
35389 
35413 
35429 148757 1.0
35444 
35478 167259 1.0
35608 
35709 4549 4.0
35785 
35939 
36023 221928 1.0
36267 2184 1.0 7280 9.0 129673 2.0
36621 
36625 
36641 
36689 
37044 
37171 
37234 13467 1.0 37257 1.0 66950 1.0
37235 2150 1.0 37836 2.0 68840 2.0 94174 1.0 104848 1.0
37257 13467 1.0 16457 1.0 37234 1.0 66950 1.0
37287 
37291 
37298 2494 2.0 81989 1.0
37380 
37381 
37418 
37419 
37451 
37558 
37561 
37682 48029 3.0 79730 6.0 313393 1.0
37688 
37692 37694 3.0
37694 37692 3.0
37756 
37760 
37810 155490 1.0
37836 37235 2.0
37841 
37896 38025 1.0
37918 
37958 
37990 
38025 37896 1.0
38053 132887 2.0
38149 
38323 
38397 21746 1.0
38531 
38607 76756 1.0
38705 
38868 33895 1.0
38904 5410 1.0
38978 
38996 
39074 6460 2.0
39142 
39339 129690 1.0
39374 
39525 9261 1.0 9709 1.0 9711 1.0
39527 
39643 
39659 
39708 
39746 
39765 
39766 
39858 
39979 
40086 
40168 199912 2.0
40173 
40191 
40262 
40284 40285 1.0
40285 40284 1.0
40301 
40327 
40387 44326 1.0
40497 
40518 
40531 6805 1.0
40597 
40606 
40653 
40654 66504 3.0 253223 1.0
40672 91 1.0 35111 1.0
40803 
40941 
40967 91 1.0 10327 1.0 56426 1.0
41148 14707 3.0
41511 
41537 79643 2.0 382209 2.0
41806 
41888 
41892 
41950 
42019 60139 1.0
42032 89604 1.0
42038 28571 4.0
42089 
42108 
42145 
42157 
42282 
42383 7550 2.0 21191 1.0 27235 1.0 28570 3.0 94318 1.0 102910 1.0
42520 
42728 45604 2.0
42875 955 1.0 48095 1.0
43466 
43517 
43670 260 4.0 4447 3.0 75937 3.0 98597 3.0 119406 1.0
43712 
43831 
44170 
44272 
44301 2534 1.0
44326 40387 1.0 57562 1.0
44359 
44391 
44399 
44469 
44479 
44563 
44573 44576 3.0
44574 
44576 44573 3.0
44664 
44712 
44783 6361 1.0 203650 1.0
44961 93092 1.0
45182 
45437 
45468 
45512 
45514 
45604 42728 2.0
45712 
45830 
46000 
46100 4473 1.0
46164 
46232 
46342 
47025 
47165 
47543 
47606 
47696 10259 1.0 15159 1.0
47990 99924 2.0
47991 977 1.0 8214 1.0 189848 1.0
48003 
48029 37682 3.0 79730 3.0 313393 1.0
48031 6068 2.0
48095 955 1.0 42875 1.0
48115 
48117 91 1.0 16151 1.0
48162 181 1.0 99197 2.0 152350 2.0
48174 9715 1.0 192225 2.0
48181 
48184 
48193 
48299 
48389 
48455 
48499 7981 4.0
48525 51946 1.0
48730 20638 1.0
48740 
48834 
48835 
49209 
49210 
49319 
49322 
49482 4489 1.0 73330 1.0
49489 
49558 
49665 
49718 
49938 
50052 
50277 
50285 
50346 
50383 91 1.0
50531 
50654 
50703 
50704 50705 1.0
50705 50704 1.0 117598 2.0
50733 
50809 2150 1.0
50834 
50875 
50906 
51413 
51430 
51451 
51548 
51559 
51561 
51647 
51729 175998 1.0
51939 
51946 48525 1.0
52161 
52321 
52356 
52654 
52655 
52700 
52711 
52722 83828 1.0
52725 
52781 
53329 53330 1.0
53330 53329 1.0
53655 
53665 4904 1.0
53824 
53867 105987 1.0
53885 65362 1.0
53923 
53984 
53995 
54176 54202 1.0
54202 54176 1.0
54323 95775 1.0
54365 
54412 
54489 2582 1.0
54548 
54549 
54642 
54644 
54645 
54786 92388 1.0
54811 32327 1.0
55016 
55333 
55418 
55447 
55494 69343 1.0 273008 1.0
55502 
55598 
55673 
55776 
55793 848 1.0
55794 
55883 20675 1.0 118429 1.0
56392 
56426 40967 1.0
56487 
56513 
56718 
56836 
57000 
57504 
57562 44326 1.0
57723 
57957 
58310 
58512 
58674 81700 1.0
58733 
58999 
59030 
59046 
59091 3432 1.0
59206 7281 1.0 9860 1.0
59234 
59506 
59977 14867 1.0 97536 3.0 144473 2.0 167514 3.0
60089 
60139 42019 1.0 460550 1.0
60146 
60207 
60273 
60274 
60616 
60704 
60706 
60945 
60980 228352 2.0
61150 112085 2.0
61343 
61498 112120 1.0
61696 
61824 126811 1.0 160955 1.0
61825 
61827 
62563 
62593 
62618 
62665 
62775 
62928 
63265 
63412 
63643 
63690 
63697 
63701 
63717 
64433 
64641 
64674 91 1.0 69248 1.0 69249 1.0
64862 
64894 
65015 
65060 65061 1.0
65061 65060 1.0
65140 13626 1.0 13662 1.0
65242 
65362 955 2.0 53885 1.0
65543 
65566 
65567 
65568 
65767 
66342 
66405 33342 1.0
66407 
66504 40654 3.0 253223 1.0
66509 
66534 
66535 6477 2.0
66635 
66729 
66866 
66950 13467 1.0 37234 1.0 37257 1.0
67054 
67680 
67798 121140 1.0
67963 
68042 
68083 
68169 156910 1.0
68180 
68265 
68570 
68840 37235 2.0
68901 
69209 
69248 64674 1.0 69249 3.0
69249 64674 1.0 69248 3.0
69339 69342 3.0
69341 
69342 69339 3.0
69343 55494 1.0 273008 1.0
69375 5517 2.0
69538 17834 1.0
69642 91 1.0
69781 
69944 
69959 
69960 
69961 
70093 391622 1.0
70549 
70853 33895 1.0
70901 
70946 
71260 
71371 
71633 
71656 
72020 
72271 143008 1.0
72278 162078 1.0
72620 
72685 
73005 
73031 
73032 
73176 
73330 4489 1.0 49482 1.0
73375 
73393 
73395 
73427 
73471 
73635 
73678 
73688 
73734 
73996 
74021 
74184 
74207 
74220 
74377 
74599 
74628 
74686 79725 1.0
74801 
74839 
75277 1776 1.0
75369 6595 1.0
75387 86296 4.0
75393 
75937 260 3.0 3631 1.0 4447 1.0 26821 1.0 43670 3.0 98597 3.0
76000 
76012 1598 1.0 76258 2.0
76211 
76258 76012 2.0
76627 
76711 
76756 38607 1.0
76797 
76798 
77128 
77559 
77961 19921 1.0
78144 
78436 
78675 
78726 4561 1.0
78806 24281 1.0
79022 
79345 
79643 41537 2.0 382209 2.0
79707 
79709 
79725 74686 1.0
79730 37682 6.0 48029 3.0 313393 1.0
79821 107856 3.0 109499 1.0
79837 
79885 219675 1.0
79914 
80050 
80227 
80385 
80402 
80550 
80571 
80572 
80698 
80735 
80749 
81035 
81300 14893 1.0 14894 1.0
81372 
81532 
81558 
81561 28677 1.0
81597 
81629 138778 1.0 576643 2.0
81630 
81645 
81700 58674 1.0
81701 5312 1.0
81919 28677 2.0
81944 
81989 37298 1.0
82044 
82045 
82063 1864 1.0 82064 5.0
82064 1864 1.0 82063 5.0
82118 
82349 
82403 
82432 
82466 
82530 
82672 
82885 
83124 
83229 
83493 
83779 
83828 52722 1.0
84892 
84916 
84966 
84967 
85032 194137 2.0
85033 
85341 
85468 
85573 
85663 
86070 26830 1.0
86107 
86232 
86296 75387 4.0
86519 
86655 
86656 
86946 
87046 
87244 
87312 
87610 
87679 
87681 
87682 
87787 
88115 
88339 
88713 
88817 
88872 
88939 
89031 
89604 42032 1.0
89632 31259 1.0
89942 
90032 
90457 
90808 90809 5.0 142372 1.0
90809 90808 5.0 142372 1.0
91021 
91032 
91240 
91478 
91654 
91728 351271 1.0
91850 
91917 
92331 1776 1.0 609701 2.0
92341 
92388 54786 1.0
92409 
92593 
92594 
92637 
92657 
92866 
92876 
93092 44961 1.0
93159 
93303 
93604 
93713 
93783 
93854 
93866 
94100 
94174 37235 1.0
94318 7550 1.0 42383 1.0
94324 
94741 7757 2.0
95265 
95752 
95774 
95775 54323 1.0
95793 
95868 
95913 
95966 
96098 
96493 
96577 
96734 221928 1.0
97007 
97009 
97133 
97521 
97536 14867 1.0 59977 3.0 144473 2.0 167514 3.0
97637 
98376 
98418 
98597 260 3.0 43670 3.0 75937 3.0
98866 205709 1.0
98938 
99032 
99140 
99197 181 1.0 48162 2.0 152350 2.0
99448 
99514 
99694 
99924 47990 2.0
99976 32076 1.0
100037 
100097 
100319 
100341 
100442 
100676 
101195 
101642 
102023 148848 1.0
102207 
102463 
102526 
102578 33342 1.0
102796 
102832 
102910 28570 1.0 42383 1.0
103029 
103064 
103079 
103111 
103545 
103622 5467 1.0
103706 
103744 
103758 
104216 
104350 
104738 
104771 
104848 37235 1.0
105056 31763 1.0 129309 1.0
105107 
105166 
105168 
105354 
105396 
105450 
105577 
105987 53867 1.0
106073 
106188 
106226 228352 1.0
106679 
107231 
107238 
107304 
107557 3432 1.0
107690 
107748 
107856 79821 3.0 109499 1.0
107915 
107922 
107930 
108304 
108565 
108758 108760 1.0
108760 108758 1.0
108792 
109009 
109325 
109447 
109499 79821 1.0 107856 1.0
109570 
109618 7766 1.0
109730 
109785 
110436 
110705 
110979 
111273 
111894 
112085 61150 2.0
112120 61498 1.0
112156 
112209 
112210 
112244 
112472 
113353 
113509 
113723 
114022 
114213 
114684 
114924 
115416 
115698 
115905 
116305 
116683 
117598 50705 2.0
117923 
118336 
118347 
118429 20675 1.0 55883 1.0
119272 274001 2.0
119406 4447 1.0 43670 1.0
119887 
120240 
120567 
120603 
120980 
121140 67798 1.0
121300 
121364 
121497 
121566 
121584 
121605 
121606 
121627 
121760 
122107 
122649 
122799 
122961 
123011 
123051 
123078 
123663 
123810 
124215 
124943 
125197 
126352 
126356 
126811 61824 1.0 160955 1.0
128296 
128302 
128334 
128391 
128753 5119 3.0 19921 1.0
128869 3190 1.0
128885 
129309 31763 1.0 105056 1.0
129403 
129673 7280 2.0 36267 2.0
129690 91 1.0 39339 1.0
129832 
129931 
129978 
130432 
130573 
130808 
131373 
131591 
131851 
132213 
132415 
132568 
132819 132821 2.0
132821 132819 2.0 146080 1.0
132887 38053 2.0
132927 
133294 
133331 
134201 32989 1.0
134235 
134985 
135162 
135191 
135226 
135751 
135794 
136176 
136207 
137348 
137428 
138772 
138778 81629 1.0
140112 
140992 
141300 
141519 
141534 
141715 
141830 
142372 90808 1.0 90809 1.0
143008 72271 1.0
143275 1598 1.0
143300 
143310 
143425 
143427 
143579 
143674 
143763 
143891 
144313 
144473 59977 2.0 97536 2.0 167514 2.0
144562 
144579 
144716 
144958 
144959 
145106 8236 1.0
145574 
145822 
145900 
146080 132821 1.0
146659 
146816 
146945 
146946 
147096 199933 1.0
147268 147269 1.0
147269 147268 1.0
147346 147347 1.0
147347 147346 1.0
147454 
147565 
148434 
148757 35429 1.0
148840 392855 1.0
148848 102023 1.0
148852 
149348 
149448 
149473 
149552 3373 1.0
149820 
149827 
150077 
150377 
150711 
151326 
151865 4546 1.0 19921 1.0
152136 
152350 181 1.0 48162 2.0 99197 2.0
152862 
153192 
153868 
154996 
155187 
155301 
155490 37810 1.0
155792 9261 1.0
156049 
156051 
156335 
156720 
156859 194730 2.0
156910 68169 1.0
157193 
157378 
157397 
157417 
157787 
157907 
157968 
158016 
158361 
158362 
158541 
158572 
158738 
159358 
159383 
159450 
159484 
159775 14482 1.0
160006 
160164 
160556 
160560 
160926 
160955 61824 1.0 126811 1.0
161333 
161367 
161808 
162078 72278 1.0
162204 
162703 
162824 
163108 
163355 
163379 
163405 
163845 
163867 
164389 
165010 
165333 
165598 
165710 215702 1.0
165714 
165716 
166063 
166733 
166767 
167004 
167259 35478 1.0
167514 14867 1.0 59977 3.0 97536 3.0 144473 2.0
167924 
168036 
168037 
168661 
168709 
168955 
169384 
169540 
170380 
170402 
170993 
172390 91 1.0
172578 4480 1.0
172910 
173389 
173390 
173556 
173603 
174230 
174410 
174456 
174505 14823 1.0
174694 
175675 
175754 
175839 
175998 51729 1.0
176859 
176933 7766 2.0 22733 2.0
177300 
177369 
177680 
178233 511540 1.0
179016 
179078 
179741 
180680 
181166 
181577 
181646 
182283 
182284 
182857 
183372 
183691 
183967 
184057 
184090 
184095 
184414 
184422 
184668 
184670 
185744 
186695 
186711 9633 1.0
186833 
186895 
187141 
187585 
188266 
188414 
188770 
188900 
189113 
189672 14217 1.0
189748 
189763 
189848 977 1.0 8214 1.0 47991 1.0
189902 
189943 
191491 
191596 
191605 
192225 48174 2.0
192348 
192402 
193068 
193478 
193925 
194137 85032 2.0
194277 
194485 273008 1.0
194730 156859 2.0
195048 
195600 
196174 
197014 
197442 
197530 
197567 
198115 
198117 
198142 
198368 
198385 
198518 
198534 
198676 30296 1.0
198889 
198890 
198891 315891 1.0
199699 
199706 
199912 40168 2.0
199933 14879 1.0 147096 1.0 203539 1.0
200056 
200444 
201015 
201235 
203074 
203402 
203539 199933 1.0
203650 6361 1.0 44783 1.0
203846 
204132 
204513 
205126 
205474 
205481 
205662 
205709 98866 1.0
206235 
206256 2582 1.0
206756 
207034 
207911 
208408 
210809 
210810 
211088 
211251 
211718 
212101 
212842 212843 1.0
212843 212842 1.0
214439 
214993 
215040 10450 1.0
215702 165710 1.0
216276 
216513 
217206 
217648 
218178 
219103 
219116 
219675 79885 1.0
219898 
220371 
221822 
221928 36023 1.0 96734 1.0
221943 
222170 222171 1.0
222171 222170 1.0
222565 
223298 
223671 
223748 
223920 
223954 
224325 
224908 
224918 
225257 
225276 
225285 
225527 
226311 
227282 
227518 
227608 
227741 
227852 
227896 
228320 
228352 60980 2.0 106226 1.0
228589 
230942 
231966 
232199 
232500 
233577 
234599 
234911 21222 1.0
235113 
235562 
235582 
236785 
238082 
239761 
240140 
241600 
242118 
242273 
242683 
244617 
244728 
244830 
245301 
245385 28826 3.0
245789 
246714 
249670 
249975 
250270 
250607 
250850 
251736 
251761 
251871 
252348 
252958 
253161 
253223 40654 1.0 66504 1.0
253958 
255824 
256190 
256450 
257328 
259751 
261409 
261883 
262289 24079 1.0
262776 
262826 
262886 
264470 
264795 
265022 
265788 
265808 
266194 
266853 
267695 
268928 
269660 
269661 
269727 
269771 
269772 
270523 
270594 
270597 
270614 
270943 6984 1.0
271378 541943 2.0
272171 
272212 
272221 
272238 
272270 
272356 
272693 
273008 55494 1.0 69343 1.0 194485 1.0
273432 
274001 119272 2.0
275259 
275325 
277275 
277315 
277535 
278606 
278713 
280140 
283877 
284394 
288850 419526 1.0
289448 18895 1.0
289946 
290102 
290323 315891 1.0
290843 12520 1.0 13507 1.0 21497 1.0
291060 
291232 
293255 
293582 
293974 
294172 
294219 
294286 
294814 
295133 
295223 
296416 1593 1.0
296619 
297176 
297867 
300850 
301052 
301082 
301113 
301816 
302469 
303166 
303712 
304329 
304807 
305557 
306762 
306832 
309444 
312603 
313057 
313393 37682 1.0 48029 1.0 79730 1.0
313431 
315891 198891 1.0 290323 1.0
316572 3375 1.0 3376 1.0
317305 
318007 
319455 
321302 
322126 
324571 
325273 
325280 
326505 
326929 
326999 
327030 
327088 
328734 
329507 
330845 
331254 
335103 
336857 
338066 
338299 
343567 
343884 
343919 
344578 
344595 
344842 
346050 
347014 
347234 
347490 
348174 
349167 
350603 
351271 91728 1.0
351515 
351883 
351896 
354517 
354633 
356194 
356291 
356325 
357109 
357149 
357722 
358319 
358398 
358752 5517 1.0
359655 
360256 
362311 
362408 
362769 14327 1.0 17945 1.0
363343 
363910 
365406 
365700 
365788 
366065 
367123 
367799 
368615 
370657 
371141 
371218 
372871 
374781 
375162 
375885 
376061 
376463 
376824 
376855 
377548 
378093 
378988 
382209 41537 2.0 79643 2.0
382235 
382546 
383463 
383982 
386135 
386152 
386443 
386528 
387078 
387948 
389656 
389674 
390294 
390353 
390625 
391134 
391389 
391523 
391622 70093 1.0
392855 148840 1.0
394675 
400266 
401061 
401561 
402282 
402430 
403903 
408084 
413250 
414632 
416517 515313 1.0
417896 
419316 
419526 288850 1.0
420272 
421339 
423336 
423610 
426073 
426375 
426881 
426996 
428064 
429894 
430104 
431049 
433623 
435131 2455 2.0 6714 2.0 19220 2.0
436421 
439174 
440170 
445047 
445293 
445880 
446030 
446031 
449548 
450328 
451675 
456291 
457361 
457981 
458437 
458622 
459063 
460550 60139 1.0
464535 
466526 
466540 
466652 
468508 
470913 
478469 
487012 
488489 
490741 
490813 
491003 
491504 
493850 
495491 
496813 
504963 
507201 
507832 
508057 
511540 178233 1.0
513679 
513773 
513855 
514517 
515313 416517 1.0
517210 
517972 
520285 
522569 
522830 
522832 
523624 
524474 
530409 
531227 
535549 
535580 
535581 
535594 
537987 
538556 
540484 
540949 
541943 271378 2.0
542893 
543758 
548368 
552554 
554287 
555531 
557511 
558464 
558503 
559417 
562316 
564213 
564486 
569537 
569727 
573761 
575676 
576643 81629 2.0
576869 
578403 
578835 
583800 
585332 
588828 
588975 
590963 
591856 
593661 
596265 
601241 
608480 
609701 92331 2.0
610612 
614342 
616543 
618340 
618342 
622034 
633992 
635532 
640593 
640906 
647982 
650640 
655198 
657425 
663289 
665601 
671639 
675209 
678189 
730481 
733030 
734253 
744305 
748413 
748906 
770784 
789629 2181 1.0 21003 1.0
794766 
796010 
826422 
843250 
875538 
880527 
880528 
880870 
914564 
937809 
941650 
958935 
1238998 
1263986 
1434303 
1684818 
1947141 
