87 37688 1.0 39858 1.0
91 2150 1.0 4447 1.0 4678 2.0 5910 2.0 14223 2.0 16457 1.0 18199 1.0 35111 2.0 37257 1.0 40672 4.0 43670 1.0 44479 1.0 47165 3.0 69642 1.0 74377 1.0 95793 1.0
100 
103 
181 
259 260 2.0 98597 1.0 391622 1.0
260 259 2.0 26821 1.0 98597 2.0 391622 2.0
457 
656 
667 3432 1.0 9769 1.0 82045 1.0
749 7620 4.0
759 
791 81944 1.0
807 808 1.0
808 807 1.0
848 18265 1.0
879 38397 1.0 63643 1.0
953 955 1.0
955 953 1.0 4274 5.0 6962 1.0 53885 1.0 65362 1.0
977 
989 
1018 35478 1.0
1524 10598 1.0 10601 1.0 25291 1.0
1584 
1588 
1593 
1598 6984 1.0 143275 1.0
1776 
1864 26821 1.0 27335 1.0 27336 1.0 43670 1.0 51946 2.0
1919 
2150 91 1.0
2171 2534 1.0
2176 
2181 
2184 7280 2.0 7281 1.0 36267 1.0
2200 
2204 18849 1.0
2246 
2300 
2455 2460 2.0
2460 2455 2.0
2482 2953 1.0 2955 1.0 5268 1.0
2494 37298 1.0
2517 38607 1.0
2534 2171 1.0
2558 
2580 2582 1.0
2582 2580 1.0 20638 1.0 130432 1.0
2587 
2800 17910 1.0
2849 
2862 42145 1.0
2863 2867 1.0
2867 2863 1.0
2953 2482 1.0 2955 1.0
2955 2482 1.0 2953 1.0
3010 22962 1.0 22990 1.0
3042 
3127 4718 1.0 11134 1.0
3161 3992 3.0 3993 3.0
3190 
3213 
3343 
3373 3375 7.0 3376 6.0 26830 1.0 26952 1.0 27335 1.0
3375 3373 7.0 3376 5.0 26830 1.0 26952 1.0 27335 1.0
3376 3373 6.0 3375 5.0 26952 1.0
3394 
3432 667 1.0
3441 
3631 4447 2.0 20450 1.0
3988 44170 2.0 45182 4.0
3992 3161 3.0 3993 3.0
3993 3161 3.0 3992 3.0 129931 1.0
4221 4504 1.0 4505 1.0
4256 
4266 
4274 955 5.0 8129 2.0
4291 
4447 91 1.0 3631 2.0 20450 1.0 43670 2.0 119406 1.0
4467 51413 1.0
4473 4474 1.0 4529 1.0 46100 1.0
4474 4473 1.0
4480 4556 1.0 4561 2.0
4487 4489 1.0
4489 4487 1.0
4499 4500 1.0 83779 1.0
4500 4499 1.0
4504 4221 1.0 4505 8.0 121605 1.0
4505 4221 1.0 4504 8.0 11714 1.0 18634 1.0
4516 156910 1.0
4529 4473 1.0 16151 1.0 46100 1.0 48117 1.0
4533 8744 1.0
4546 18835 1.0
4549 35709 1.0
4556 4480 1.0 9419 1.0
4561 4480 2.0
4678 91 2.0
4697 
4718 3127 1.0 11134 1.0 430104 1.0
4737 
4768 
4904 53665 1.0
4928 4929 2.0
4929 4928 2.0
4969 16223 1.0 214993 1.0
4997 4998 1.0
4998 4997 1.0
5003 
5119 5467 2.0
5150 
5159 
5207 90808 1.0 90809 1.0
5250 
5268 2482 1.0
5285 
5312 14650 2.0 14651 1.0
5410 38904 1.0
5441 48455 1.0
5452 
5467 5119 2.0 10102 1.0 12855 1.0
5517 
5709 
5815 
5834 32574 1.0 56487 2.0
5910 91 2.0
5945 9100 1.0
6068 
6098 
6106 
6139 19088 1.0 19219 1.0 19220 1.0 39374 1.0
6143 
6186 
6361 
6380 
6460 6462 1.0 6756 1.0 17945 1.0
6462 6460 1.0
6477 23894 1.0 23896 2.0 66535 1.0
6558 
6582 
6595 21030 1.0
6714 16224 1.0 25291 1.0
6756 6460 1.0
6805 40531 1.0
6962 955 1.0 10102 1.0 16149 1.0 37235 1.0 68840 1.0
6981 
6984 1598 1.0
7039 
7195 
7231 
7280 2184 2.0 7281 1.0 36267 4.0 129673 1.0
7281 2184 1.0 7280 1.0 59206 1.0
7309 
7337 
7501 
7550 7596 3.0 7691 3.0 7692 3.0 15223 5.0 16536 6.0 28570 1.0 28571 2.0 42157 1.0
7559 
7596 7550 3.0
7608 
7620 749 4.0
7647 
7691 7550 3.0 7692 2.0 42157 1.0
7692 7550 3.0 7691 2.0 28570 1.0 42157 1.0 102910 1.0
7757 
7766 
7781 
7786 19088 1.0 28644 1.0 49938 1.0
7792 
7857 59506 1.0
7921 85033 1.0
7926 
7974 
7981 40086 1.0 48499 3.0 48730 1.0
8057 95913 1.0
8093 
8129 4274 2.0
8206 
8214 47991 1.0
8236 42089 1.0 145106 1.0
8609 
8744 4533 1.0
8766 
8926 8927 1.0 8928 1.0
8927 8926 1.0 8928 1.0
8928 8926 1.0 8927 1.0
9064 
9092 
9100 5945 1.0
9116 
9122 
9132 
9135 
9158 
9261 14804 1.0 32177 1.0 155792 1.0
9280 16235 1.0
9324 
9375 33923 2.0
9405 9757 2.0 66405 1.0 72271 1.0
9419 4556 1.0 37836 1.0 82672 1.0
9436 9437 3.0 14671 17.0 21497 2.0
9437 9436 3.0 73734 1.0
9496 9497 2.0
9497 9496 2.0 18400 1.0
9579 
9613 9645 1.0
9633 15875 1.0
9639 15956 1.0
9643 18066 1.0
9645 9613 1.0
9662 33402 3.0
9701 128869 4.0
9709 9711 1.0 39525 2.0
9711 9709 1.0
9715 48174 2.0
9741 
9757 9405 2.0
9769 667 1.0
9860 10100 3.0 48095 1.0 59206 1.0
9872 121497 1.0
9877 
9950 
9960 
9965 
9994 186895 1.0
10014 
10100 9860 3.0
10102 5467 1.0 6962 1.0
10186 10233 1.0
10196 
10223 
10233 10186 1.0 37688 3.0 51939 1.0
10235 25367 2.0 25471 2.0 25507 1.0
10259 15159 3.0 26838 3.0 60139 1.0
10285 
10303 37760 1.0
10327 
10357 10358 3.0 27063 2.0
10358 10357 3.0 27063 3.0
10450 10563 1.0 20797 1.0
10545 
10562 10563 1.0
10563 10450 1.0 10562 1.0 18261 1.0 93303 1.0
10598 1524 1.0 10601 1.0
10601 1524 1.0 10598 1.0
10758 
11048 
11134 3127 1.0 4718 1.0
11318 11319 1.0 37836 1.0
11319 11318 1.0 12730 1.0 19219 1.0 68083 1.0 74377 1.0
11454 
11515 
11700 
11714 4505 1.0 18634 1.0 136176 1.0
11717 
12428 
12520 
12725 19761 1.0
12730 11319 1.0 19219 1.0 30342 2.0 30343 3.0 74377 2.0
12855 5467 1.0
12863 25507 1.0
12887 149827 1.0 789629 1.0
12958 27390 2.0
12971 18836 1.0
13210 
13385 
13467 51729 1.0
13507 
13625 13626 4.0
13626 13625 4.0 13662 1.0 65140 2.0
13650 23451 1.0
13662 13626 1.0 65140 1.0
13747 
13758 
13880 
13908 
13942 
14217 107557 1.0 189672 1.0
14223 91 2.0
14264 
14301 14302 1.0
14302 14301 1.0
14327 14851 1.0
14474 
14482 
14508 14512 3.0 83229 1.0
14512 14508 3.0 83229 1.0
14650 5312 2.0 14651 2.0
14651 5312 1.0 14650 2.0
14654 28185 1.0 232500 1.0
14671 9436 17.0 21497 2.0
14707 
14771 
14803 14804 1.0 14806 1.0
14804 9261 1.0 14803 1.0 14806 1.0
14806 14803 1.0 14804 1.0
14823 50834 1.0 133294 1.0 174505 1.0
14851 14327 1.0
14867 
14879 14880 1.0
14880 14879 1.0
14893 14894 1.0
14894 14893 1.0
15043 
15070 15072 1.0
15072 15070 1.0
15159 10259 3.0
15193 18199 1.0
15223 7550 5.0 27235 1.0
15423 33719 2.0
15559 
15586 15587 5.0
15587 15586 5.0
15875 9633 1.0 73005 1.0
15948 
15949 88115 1.0
15956 9639 1.0 51939 1.0
15970 30381 1.0
16030 
16104 16105 1.0
16105 16104 1.0
16147 16149 1.0
16149 6962 1.0 16147 1.0
16151 4529 1.0 48117 1.0
16222 16223 2.0 16224 2.0
16223 4969 1.0 16222 2.0 16224 2.0 214993 1.0
16224 6714 1.0 16222 2.0 16223 2.0
16235 9280 1.0
16280 
16282 
16283 16284 2.0
16284 16283 2.0
16401 
16457 91 1.0 37257 3.0
16536 7550 6.0 27235 1.0 28570 1.0 42383 2.0
16951 
17249 
17834 
17851 
17910 2800 1.0
17945 6460 1.0 145900 1.0
18066 9643 1.0
18199 91 1.0 15193 1.0
18261 10563 1.0
18265 848 1.0
18400 9497 1.0 18401 3.0 18418 1.0
18401 18400 3.0
18418 18400 1.0 204513 1.0
18455 32183 2.0 32184 2.0
18619 
18634 4505 1.0 11714 1.0
18675 18731 1.0
18731 18675 1.0 62665 1.0 137348 1.0
18809 
18813 
18835 4546 1.0 18836 3.0
18836 12971 1.0 18835 3.0
18849 2204 1.0
18880 
18895 84892 1.0 158016 1.0
18923 
18959 45468 1.0
18971 
19084 19085 1.0 19086 2.0 19088 3.0
19085 19084 1.0 19086 1.0 19088 1.0
19086 19084 2.0 19085 1.0 19088 3.0
19088 6139 1.0 7786 1.0 19084 3.0 19085 1.0 19086 3.0 19219 1.0 19220 1.0
19132 
19195 19223 1.0
19209 19210 2.0
19210 19209 2.0
19219 6139 1.0 11319 1.0 12730 1.0 19088 1.0 19220 1.0 74377 1.0
19220 6139 1.0 19088 1.0 19219 1.0 31490 1.0
19223 19195 1.0
19457 
19534 
19761 12725 1.0
19921 
20450 3631 1.0 4447 1.0
20566 
20602 
20638 2582 1.0 130432 1.0
20675 20676 1.0 55883 3.0 118429 1.0
20676 20675 1.0
20703 
20789 
20793 20795 1.0
20795 20793 1.0
20797 10450 1.0
21003 
21030 6595 1.0
21136 
21159 21160 2.0
21160 21159 2.0
21191 28570 1.0 42383 1.0
21196 
21221 21222 1.0
21222 21221 1.0 40653 1.0 40654 1.0 50531 1.0
21318 21319 1.0
21319 21318 1.0
21429 
21497 9436 2.0 14671 2.0
21519 33508 1.0
21746 21747 1.0
21747 21746 1.0 38397 1.0
21958 21962 1.0
21962 21958 1.0 30983 2.0
22078 
22093 
22198 
22236 
22278 30632 2.0 48834 1.0
22372 
22733 
22962 3010 1.0
22984 73678 1.0
22990 3010 1.0
23088 
23203 
23335 338066 1.0
23345 
23451 13650 1.0
23774 
23894 6477 1.0 23896 1.0
23896 6477 2.0 23894 1.0 66535 1.0
24072 
24079 
24196 
24281 78806 1.0
24315 24316 3.0 24665 1.0
24316 24315 3.0 24665 2.0
24404 
24479 
24550 
24602 
24665 24315 1.0 24316 2.0
24693 
24938 
25164 
25183 
25219 
25265 
25291 1524 1.0 6714 1.0 50383 1.0
25294 37896 1.0
25329 
25346 
25367 10235 2.0 57504 1.0
25471 10235 2.0
25507 10235 1.0 12863 1.0 81989 1.0
25572 
25711 
25834 69642 2.0
25890 25891 2.0
25891 25890 2.0 63717 1.0
26092 
26105 
26293 
26376 26377 1.0
26377 26376 1.0
26475 
26731 
26821 260 1.0 1864 1.0 43670 1.0
26830 3373 1.0 3375 1.0 27335 2.0 27336 1.0
26838 10259 3.0
26877 
26952 3373 1.0 3375 1.0 3376 1.0
27063 10357 2.0 10358 3.0
27082 
27234 27235 1.0
27235 15223 1.0 16536 1.0 27234 1.0 28570 1.0 37688 1.0 42383 2.0
27243 
27335 1864 1.0 3373 1.0 3375 1.0 26830 2.0 27336 3.0
27336 1864 1.0 26830 1.0 27335 3.0
27390 12958 2.0
27640 
28161 
28163 28164 2.0 28165 1.0
28164 28163 2.0 28165 1.0
28165 28163 1.0 28164 1.0
28185 14654 1.0
28338 
28570 7550 1.0 7692 1.0 16536 1.0 21191 1.0 27235 1.0 28571 10.0 42157 2.0 42383 2.0 102910 1.0
28571 7550 2.0 28570 10.0 41888 1.0 42038 3.0 42157 2.0
28609 28611 2.0
28611 28609 2.0 49482 1.0 73330 1.0
28644 7786 1.0 28668 3.0 49938 1.0
28668 28644 3.0
28677 30016 4.0 30017 5.0 42520 1.0 57957 1.0 74801 4.0 81919 4.0 147269 1.0 304807 1.0
28694 30187 1.0
28826 81645 1.0 245385 1.0
28840 
29067 
29099 
29237 
29286 183967 1.0
29486 
29518 
29876 
30016 28677 4.0 30017 3.0
30017 28677 5.0 30016 3.0
30138 
30187 28694 1.0
30296 
30342 12730 2.0 30343 2.0
30343 12730 3.0 30342 2.0
30381 15970 1.0
30405 
30632 22278 2.0
30634 
30745 
30757 
30842 30843 1.0
30843 30842 1.0
30883 
30923 40967 1.0
30983 21962 2.0
31036 
31259 
31488 31489 1.0 99976 1.0
31489 31488 1.0
31490 19220 1.0
31763 105056 1.0 129309 1.0
31942 
32076 32353 1.0 60146 1.0
32177 9261 1.0
32183 18455 2.0 32184 2.0
32184 18455 2.0 32183 2.0 39142 1.0
32189 
32327 54811 1.0
32353 32076 1.0
32356 
32470 
32546 
32574 5834 1.0 56487 1.0
32707 
32760 
32889 
32989 35127 1.0 134201 1.0
33342 33828 1.0 102578 2.0 348174 1.0
33402 9662 3.0
33431 
33442 
33452 
33508 21519 1.0
33719 15423 2.0
33828 33342 1.0 348174 3.0
33895 38868 4.0 70853 1.0
33923 9375 2.0
34156 
34163 
34233 
34322 
34405 
34466 
34617 
34678 
35110 35111 1.0
35111 91 2.0 35110 1.0 40672 3.0 44479 1.0 61150 1.0
35127 32989 1.0
35158 
35283 
35389 
35413 
35429 
35444 
35478 1018 1.0
35608 
35709 4549 1.0
35785 
35939 
36023 
36267 2184 1.0 7280 4.0 129673 1.0
36621 
36625 
36641 
36689 
37044 
37171 
37234 
37235 6962 1.0 68840 1.0 104848 1.0
37257 91 1.0 16457 3.0
37287 
37291 
37298 2494 1.0
37380 37381 1.0
37381 37380 1.0
37418 37419 1.0
37419 37418 1.0
37451 
37558 
37561 66866 2.0
37682 58674 1.0 79730 1.0 81700 1.0 313393 1.0
37688 87 1.0 10233 3.0 27235 1.0 39858 1.0
37692 37694 3.0
37694 37692 3.0
37756 
37760 10303 1.0
37810 
37836 9419 1.0 11318 1.0 41892 1.0 52781 1.0 82672 1.0
37841 
37896 25294 1.0 38025 2.0
37918 
37958 
37990 
38025 37896 2.0
38053 132887 1.0
38149 39374 1.0
38323 
38397 879 1.0 21747 1.0 223748 1.0
38531 
38607 2517 1.0
38705 82672 1.0
38868 33895 4.0 70853 1.0
38904 5410 1.0
38978 
38996 
39074 
39142 32184 1.0
39339 
39374 6139 1.0 38149 1.0
39525 9709 2.0
39527 
39643 
39659 
39708 
39746 
39765 39766 1.0
39766 39765 1.0
39858 87 1.0 37688 1.0
39979 
40086 7981 1.0 48730 1.0
40168 
40173 
40191 
40262 42520 1.0 81561 1.0
40284 40285 2.0 40531 1.0
40285 40284 2.0 40531 1.0
40301 
40327 
40387 
40497 
40518 
40531 6805 1.0 40284 1.0 40285 1.0
40597 
40606 
40653 21222 1.0 40654 1.0
40654 21222 1.0 40653 1.0
40672 91 4.0 35111 3.0 44479 1.0
40803 290102 1.0
40941 
40967 30923 1.0 77128 1.0 97521 1.0 301052 1.0
41148 
41511 
41537 
41806 
41888 28571 1.0
41892 37836 1.0
41950 
42019 
42032 
42038 28571 3.0
42089 8236 1.0
42108 
42145 2862 1.0
42157 7550 1.0 7691 1.0 7692 1.0 28570 2.0 28571 2.0
42282 
42383 16536 2.0 21191 1.0 27235 2.0 28570 2.0
42520 28677 1.0 40262 1.0 81561 1.0
42728 45604 1.0
42875 
43466 
43517 
43670 91 1.0 1864 1.0 4447 2.0 26821 1.0 119406 1.0
43712 
43831 
44170 3988 2.0
44272 
44301 
44326 
44359 
44391 
44399 
44469 
44479 91 1.0 35111 1.0 40672 1.0
44563 
44573 44574 1.0 44576 1.0
44574 44573 1.0 44576 1.0
44576 44573 1.0 44574 1.0
44664 
44712 
44783 
44961 
45182 3988 4.0
45437 
45468 18959 1.0
45512 
45514 
45604 42728 1.0
45712 
45830 
46000 
46100 4473 1.0 4529 1.0
46164 
46232 
46342 
47025 
47165 91 3.0
47543 
47606 
47696 
47990 92331 1.0
47991 8214 1.0
48003 
48029 
48031 
48095 9860 1.0
48115 48117 1.0
48117 4529 1.0 16151 1.0 48115 1.0
48162 
48174 9715 2.0
48181 48193 1.0
48184 
48193 48181 1.0
48299 
48389 
48455 5441 1.0
48499 7981 3.0
48525 51946 2.0 59030 1.0
48730 7981 1.0 40086 1.0
48740 
48834 22278 1.0 48835 3.0
48835 48834 3.0 371141 1.0
49209 49210 2.0
49210 49209 2.0
49319 
49322 
49482 28611 1.0 73330 1.0
49489 
49558 
49665 
49718 
49938 7786 1.0 28644 1.0
50052 
50277 
50285 
50346 
50383 25291 1.0
50531 21222 1.0
50654 
50703 50704 1.0 50705 1.0
50704 50703 1.0 50705 2.0
50705 50703 1.0 50704 2.0 117598 2.0
50733 
50809 
50834 14823 1.0 133294 1.0
50875 
50906 
51413 4467 1.0
51430 
51451 
51548 
51559 51561 1.0
51561 51559 1.0
51647 
51729 13467 1.0
51939 10233 1.0 15956 1.0 125197 1.0
51946 1864 2.0 48525 2.0
52161 
52321 
52356 
52654 52655 1.0
52655 52654 1.0
52700 
52711 52722 1.0 52725 1.0
52722 52711 1.0 52725 1.0
52725 52711 1.0 52722 1.0
52781 37836 1.0
53329 53330 2.0
53330 53329 2.0
53655 
53665 4904 1.0
53824 
53867 
53885 955 1.0 65362 3.0
53923 
53984 
53995 
54176 54202 1.0
54202 54176 1.0
54323 
54365 
54412 
54489 
54548 54549 1.0
54549 54548 1.0
54642 
54644 54645 1.0
54645 54644 1.0
54786 
54811 32327 1.0
55016 
55333 
55418 
55447 
55494 69343 1.0
55502 
55598 
55673 
55776 
55793 55794 1.0
55794 55793 1.0
55883 20675 3.0 118429 1.0
56392 
56426 
56487 5834 2.0 32574 1.0
56513 
56718 296619 1.0
56836 
57000 
57504 25367 1.0
57562 
57723 115698 1.0
57957 28677 1.0
58310 
58512 
58674 37682 1.0 79730 1.0 81700 1.0
58733 
58999 
59030 48525 1.0
59046 
59091 
59206 7281 1.0 9860 1.0
59234 
59506 7857 1.0
59977 144473 1.0 167514 1.0
60089 
60139 10259 1.0
60146 32076 1.0
60207 
60273 60274 1.0
60274 60273 1.0
60616 
60704 
60706 
60945 
60980 
61150 35111 1.0
61343 
61498 66535 1.0
61696 
61824 
61825 61827 2.0
61827 61825 2.0
62563 
62593 
62618 
62665 18731 1.0 137348 1.0
62775 
62928 
63265 
63412 
63643 879 1.0
63690 
63697 
63701 
63717 25891 1.0
64433 
64641 
64674 
64862 
64894 
65015 
65060 65061 1.0
65061 65060 1.0
65140 13626 2.0 13662 1.0
65242 
65362 955 1.0 53885 3.0
65543 
65566 65568 1.0
65567 192348 1.0
65568 65566 1.0
65767 
66342 
66405 9405 1.0 72271 1.0
66407 
66504 
66509 
66534 
66535 6477 1.0 23896 1.0 61498 1.0
66635 
66729 
66866 37561 2.0
66950 
67054 
67680 
67798 
67963 
68042 
68083 11319 1.0
68169 
68180 
68265 
68570 
68840 6962 1.0 37235 1.0 186695 1.0
68901 
69209 
69248 69249 1.0
69249 69248 1.0
69339 69341 1.0 69342 3.0
69341 69339 1.0 69342 1.0
69342 69339 3.0 69341 1.0
69343 55494 1.0
69375 
69538 
69642 91 1.0 25834 2.0
69781 
69944 
69959 
69960 
69961 
70093 
70549 
70853 33895 1.0 38868 1.0
70901 
70946 
71260 
71371 
71633 
71656 
72020 
72271 9405 1.0 66405 1.0
72278 
72620 
72685 
73005 15875 1.0
73031 
73032 
73176 
73330 28611 1.0 49482 1.0
73375 
73393 
73395 
73427 
73471 194485 1.0
73635 
73678 22984 1.0
73688 
73734 9437 1.0
73996 
74021 
74184 
74207 
74220 
74377 91 1.0 11319 1.0 12730 2.0 19219 1.0
74599 
74628 
74686 79725 3.0
74801 28677 4.0 304807 1.0
74839 
75277 
75369 
75387 
75393 
75937 
76000 
76012 
76211 
76258 
76627 
76711 
76756 
76797 
76798 
77128 40967 1.0 301816 1.0
77559 
77961 
78144 
78436 
78675 
78726 
78806 24281 1.0
79022 
79345 
79643 
79707 
79709 
79725 74686 3.0
79730 37682 1.0 58674 1.0 81700 1.0
79821 107856 1.0
79837 
79885 
79914 
80050 
80227 
80385 
80402 
80550 
80571 
80572 
80698 
80735 
80749 
81035 
81300 
81372 
81532 
81558 
81561 40262 1.0 42520 1.0 158572 1.0
81597 
81629 102023 1.0
81630 
81645 28826 1.0
81700 37682 1.0 58674 1.0 79730 1.0 81701 1.0
81701 81700 1.0
81919 28677 4.0
81944 791 1.0
81989 25507 1.0
82044 
82045 667 1.0
82063 82064 3.0
82064 82063 3.0
82118 
82349 
82403 
82432 
82466 
82530 
82672 9419 1.0 37836 1.0 38705 1.0
82885 
83124 
83229 14508 1.0 14512 1.0
83493 
83779 4499 1.0
83828 
84892 18895 1.0
84916 
84966 84967 2.0
84967 84966 2.0
85032 
85033 7921 1.0
85341 
85468 
85573 
85663 
86070 
86107 
86232 
86296 
86519 
86655 
86656 
86946 
87046 
87244 
87312 294814 1.0
87610 
87679 87681 2.0 87682 2.0
87681 87679 2.0 87682 2.0
87682 87679 2.0 87681 2.0
87787 184668 1.0 184670 3.0
88115 15949 1.0
88339 
88713 
88817 
88872 
88939 
89031 
89604 
89632 
89942 
90032 
90457 
90808 5207 1.0 90809 2.0 142372 1.0
90809 5207 1.0 90808 2.0
91021 
91032 
91240 
91478 
91654 
91728 351271 1.0
91850 
91917 
92331 47990 1.0
92341 
92388 
92409 
92593 92594 1.0
92594 92593 1.0
92637 
92657 
92866 
92876 
93092 
93159 
93303 10563 1.0
93604 
93713 
93783 
93854 
93866 
94100 
94174 170993 1.0
94318 
94324 
94741 
95265 
95752 
95774 
95775 458622 1.0
95793 91 1.0
95868 
95913 8057 1.0
95966 
96098 
96493 
96577 
96734 
97007 
97009 
97133 
97521 40967 1.0
97536 
97637 
98376 
98418 
98597 259 1.0 260 2.0 391622 3.0
98866 
98938 
99032 
99140 
99197 
99448 
99514 
99694 
99924 
99976 31488 1.0
100037 
100097 
100319 
100341 
100442 
100676 
101195 
101642 
102023 81629 1.0
102207 
102463 
102526 
102578 33342 2.0
102796 
102832 
102910 7692 1.0 28570 1.0
103029 
103064 
103079 
103111 
103545 
103622 
103706 
103744 
103758 
104216 
104350 
104738 
104771 
104848 37235 1.0
105056 31763 1.0 129309 1.0
105107 
105166 
105168 
105354 
105396 
105450 
105577 
105987 
106073 
106188 
106226 
106679 
107231 
107238 
107304 
107557 14217 1.0 189672 1.0
107690 112156 1.0
107748 
107856 79821 1.0
107915 
107922 
107930 
108304 
108565 
108758 
108760 
108792 
109009 
109325 
109447 
109499 
109570 
109618 
109730 
109785 
110436 
110705 
110979 
111273 
111894 
112085 
112120 
112156 107690 1.0
112209 
112210 
112244 
112472 
113353 
113509 
113723 
114022 
114213 
114684 
114924 
115416 
115698 57723 1.0 294172 1.0
115905 
116305 
116683 
117598 50705 2.0
117923 
118336 
118347 
118429 20675 1.0 55883 1.0
119272 
119406 4447 1.0 43670 1.0
119887 
120240 
120567 
120603 
120980 
121140 
121300 
121364 
121497 9872 1.0
121566 
121584 
121605 4504 1.0
121606 
121627 
121760 
122107 
122649 
122799 
122961 
123011 
123051 
123078 
123663 
123810 
124215 
124943 
125197 51939 1.0
126352 198891 1.0
126356 
126811 
128296 
128302 
128334 
128391 
128753 
128869 9701 4.0
128885 
129309 31763 1.0 105056 1.0
129403 
129673 7280 1.0 36267 1.0
129690 
129832 
129931 3993 1.0
129978 
130432 2582 1.0 20638 1.0
130573 
130808 400266 1.0
131373 
131591 
131851 
132213 
132415 
132568 
132819 
132821 
132887 38053 1.0
132927 
133294 14823 1.0 50834 1.0
133331 
134201 32989 1.0
134235 
134985 
135162 
135191 
135226 
135751 
135794 
136176 11714 1.0
136207 
137348 18731 1.0 62665 1.0
137428 
138772 
138778 
140112 
140992 
141300 
141519 
141534 
141715 
141830 
142372 90808 1.0
143008 
143275 1598 1.0
143300 
143310 
143425 143427 3.0
143427 143425 3.0
143579 
143674 
143763 
143891 
144313 
144473 59977 1.0 167514 1.0
144562 
144579 
144716 
144958 
144959 
145106 8236 1.0
145574 
145822 
145900 17945 1.0
146080 
146659 
146816 
146945 
146946 
147096 199933 2.0
147268 147269 1.0
147269 28677 1.0 147268 1.0
147346 
147347 
147454 
147565 
148434 
148757 
148840 
148848 
148852 
149348 
149448 
149473 
149552 
149820 
149827 12887 1.0 789629 1.0
150077 
150377 
150711 
151326 
151865 
152136 
152350 
152862 
153192 
153868 
154996 
155187 
155301 
155490 
155792 9261 1.0
156049 
156051 
156335 
156720 
156859 
156910 4516 1.0
157193 
157378 
157397 
157417 
157787 
157907 
157968 
158016 18895 1.0
158361 
158362 
158541 
158572 81561 1.0
158738 
159358 
159383 
159450 
159484 
159775 
160006 
160164 513773 1.0
160556 
160560 
160926 
160955 
161333 
161367 
161808 
162078 
162204 
162703 
162824 
163108 
163355 
163379 
163405 
163845 
163867 
164389 
165010 
165333 
165598 
165710 
165714 165716 1.0
165716 165714 1.0
166063 
166733 
166767 
167004 
167259 
167514 59977 1.0 144473 1.0
167924 
168036 
168037 
168661 
168709 
168955 
169384 
169540 
170380 
170402 
170993 94174 1.0
172390 
172578 
172910 
173389 
173390 
173556 
173603 
174230 
174410 
174456 
174505 14823 1.0
174694 
175675 
175754 
175839 
175998 
176859 
176933 
177300 
177369 
177680 
178233 
179016 
179078 
179741 
180680 
181166 
181577 
181646 
182283 
182284 
182857 
183372 
183691 
183967 29286 1.0
184057 
184090 
184095 
184414 
184422 
184668 87787 1.0 184670 1.0
184670 87787 3.0 184668 1.0
185744 
186695 68840 1.0
186711 
186833 
186895 9994 1.0
187141 
187585 
188266 
188414 
188770 
188900 
189113 
189672 14217 1.0 107557 1.0
189748 
189763 
189848 
189902 
189943 
191491 
191596 
191605 
192225 
192348 65567 1.0
192402 
193068 
193478 
193925 
194137 
194277 
194485 73471 1.0 273008 1.0
194730 
195048 
195600 
196174 
197014 
197442 
197530 
197567 
198115 
198117 
198142 
198368 
198385 
198518 
198534 
198676 
198889 
198890 
198891 126352 1.0
199699 
199706 
199912 
199933 147096 2.0
200056 
200444 
201015 
201235 
203074 
203402 
203539 
203650 
203846 
204132 
204513 18418 1.0
205126 
205474 
205481 
205662 
205709 
206235 
206256 
206756 
207034 
207911 
208408 
210809 
210810 
211088 
211251 
211718 
212101 
212842 
212843 
214439 
214993 4969 1.0 16223 1.0
215040 
215702 
216276 
216513 
217206 
217648 
218178 
219103 
219116 
219675 
219898 
220371 
221822 
221928 
221943 
222170 222171 2.0 224908 1.0 880527 1.0 880528 1.0
222171 222170 2.0 224908 1.0 880527 1.0 880528 1.0
222565 
223298 
223671 
223748 38397 1.0
223920 
223954 
224325 
224908 222170 1.0 222171 1.0
224918 
225257 
225276 
225285 
225527 
226311 
227282 
227518 
227608 
227741 
227852 
227896 
228320 
228352 
228589 
230942 
231966 
232199 
232500 14654 1.0
233577 
234599 
234911 
235113 
235562 
235582 
236785 
238082 
239761 
240140 
241600 
242118 
242273 
242683 
244617 
244728 
244830 
245301 
245385 28826 1.0
245789 
246714 
249670 
249975 
250270 
250607 
250850 
251736 
251761 
251871 
252348 
252958 
253161 
253223 
253958 
255824 
256190 
256450 
257328 
259751 
261409 
261883 
262289 
262776 
262826 
262886 
264470 
264795 
265022 
265788 
265808 
266194 
266853 
267695 
268928 
269660 
269661 
269727 
269771 
269772 
270523 
270594 
270597 
270614 
270943 
271378 
272171 
272212 
272221 
272238 
272270 
272356 
272693 
273008 194485 1.0
273432 
274001 
275259 
275325 
277275 
277315 
277535 
278606 
278713 
280140 
283877 
284394 
288850 
289448 
289946 
290102 40803 1.0
290323 
290843 
291060 
291232 
293255 
293582 
293974 
294172 115698 1.0
294219 
294286 
294814 87312 1.0
295133 
295223 
296416 
296619 56718 1.0
297176 
297867 
300850 
301052 40967 1.0
301082 
301113 
301816 77128 1.0
302469 
303166 
303712 
304329 
304807 28677 1.0 74801 1.0
305557 
306762 
306832 
309444 
312603 
313057 
313393 37682 1.0
313431 
315891 
316572 
317305 
318007 
319455 
321302 
322126 
324571 
325273 
325280 
326505 
326929 
326999 
327030 
327088 
328734 
329507 
330845 
331254 
335103 
336857 
338066 23335 1.0
338299 
343567 
343884 
343919 
344578 
344595 
344842 
346050 
347014 
347234 
347490 
348174 33342 1.0 33828 3.0
349167 
350603 
351271 91728 1.0
351515 
351883 
351896 
354517 
354633 
356194 
356291 
356325 
357109 
357149 
357722 
358319 
358398 
358752 
359655 
360256 
362311 
362408 
362769 
363343 
363910 
365406 
365700 
365788 
366065 
367123 
367799 
368615 
370657 
371141 48835 1.0
371218 
372871 
374781 
375162 
375885 
376061 
376463 
376824 
376855 
377548 
378093 
378988 
382209 
382235 
382546 
383463 
383982 
386135 
386152 
386443 
386528 
387078 
387948 
389656 
389674 
390294 
390353 
390625 
391134 
391389 
391523 
391622 259 1.0 260 2.0 98597 3.0
392855 
394675 
400266 130808 1.0
401061 
401561 
402282 
402430 
403903 
408084 
413250 
414632 
416517 515313 1.0
417896 
419316 
419526 
420272 
421339 
423336 
423610 
426073 
426375 
426881 
426996 
428064 
429894 
430104 4718 1.0
431049 
433623 
435131 
436421 
439174 
440170 
445047 
445293 
445880 
446030 
446031 
449548 
450328 
451675 
456291 
457361 
457981 
458437 
458622 95775 1.0
459063 
460550 
464535 
466526 
466540 
466652 
468508 
470913 
478469 
487012 
488489 
490741 
490813 
491003 
491504 
493850 
495491 
496813 
504963 
507201 
507832 
508057 
511540 
513679 
513773 160164 1.0
513855 
514517 
515313 416517 1.0
517210 
517972 
520285 
522569 
522830 
522832 
523624 
524474 
530409 
531227 
535549 
535580 
535581 
535594 
537987 
538556 
540484 
540949 
541943 
542893 
543758 
548368 
552554 
554287 
555531 
557511 
558464 
558503 
559417 
562316 
564213 
564486 
569537 
569727 
573761 
575676 
576643 
576869 
578403 
578835 
583800 
585332 
588828 
588975 
590963 
591856 
593661 
596265 
601241 
608480 
609701 
610612 
614342 
616543 
618340 
618342 
622034 
633992 
635532 
640593 
640906 
647982 
650640 
655198 
657425 
663289 
665601 
671639 
675209 
678189 
730481 
733030 
734253 
744305 
748413 
748906 
770784 
789629 12887 1.0 149827 1.0
794766 
796010 
826422 
843250 
875538 
880527 222170 1.0 222171 1.0 880528 1.0
880528 222170 1.0 222171 1.0 880527 1.0
880870 
914564 
937809 
941650 
958935 
1238998 
1263986 
1434303 
1684818 
1947141 
