87 37682 1.0 79730 1.0 270614 1.0
91 181 2.0 9405 1.0 14223 1.0 20797 1.0 40672 4.0 40967 1.0 47165 3.0 61150 2.0 79345 1.0 80550 1.0 96098 1.0 112085 2.0 172390 1.0
100 
103 
181 91 2.0
259 
260 
457 
656 
667 3432 1.0 9769 2.0 112244 1.0
749 7620 1.0 220371 2.0
759 
791 81944 3.0
807 808 1.0
808 807 1.0
848 4904 1.0
879 25890 1.0 25891 1.0 37688 1.0 38397 1.0 63643 1.0 82044 1.0 120603 1.0
953 
955 4274 3.0 5312 1.0 7620 1.0 9860 1.0 48029 2.0 48095 2.0 65362 1.0 74220 1.0
977 7195 2.0 10235 2.0
989 
1018 
1524 10601 1.0 267695 2.0
1584 2181 1.0 76797 1.0 76798 1.0
1588 73734 1.0
1593 
1598 13625 1.0 143275 1.0
1776 4505 1.0 65362 1.0 75277 1.0 93713 1.0
1864 51946 1.0 82064 1.0
1919 
2150 5268 1.0 37836 1.0
2171 2534 1.0 2580 1.0
2176 
2181 1584 1.0 76797 1.0 76798 1.0
2184 
2200 
2204 9496 1.0 9497 2.0 18849 1.0
2246 2534 2.0 21030 2.0 118347 2.0
2300 18813 1.0
2455 140112 1.0
2460 34156 3.0
2482 2953 2.0 48184 1.0 90808 1.0 123051 1.0
2494 3441 1.0 7786 2.0 19220 1.0
2517 
2534 2171 1.0 2246 2.0 2580 1.0 2587 1.0 21030 2.0 27243 1.0 41806 1.0 118347 2.0
2558 
2580 2171 1.0 2534 1.0
2582 151326 1.0 206256 1.0
2587 2534 1.0 18835 1.0 27243 1.0 44359 1.0
2800 35709 1.0
2849 81989 3.0
2862 42145 2.0
2863 
2867 
2953 2482 2.0
2955 
3010 313057 1.0
3042 
3127 4718 1.0 464535 2.0
3161 3992 1.0 3993 1.0 48003 1.0
3190 123011 2.0
3213 
3343 61824 1.0
3373 3375 6.0 3376 6.0 26952 3.0 27335 2.0
3375 3373 6.0 3376 5.0 26952 3.0 27335 2.0
3376 3373 6.0 3375 5.0 26952 3.0 27335 2.0
3394 9419 1.0 9437 1.0 72020 1.0
3432 667 1.0
3441 2494 1.0 10186 1.0 31490 2.0 39979 1.0 40262 1.0
3631 4447 1.0 20450 1.0 119406 1.0
3988 44170 6.0 45182 4.0
3992 3161 1.0 3993 4.0 18634 1.0 85341 2.0 129931 2.0
3993 3161 1.0 3992 4.0 129931 2.0
4221 4505 1.0 121606 1.0
4256 
4266 36621 2.0
4274 955 3.0 7596 1.0 7691 3.0 7692 3.0 9324 1.0 48029 1.0 98418 1.0
4291 
4447 3631 1.0 20450 1.0 99694 1.0
4467 51413 1.0
4473 46100 1.0 93092 1.0
4474 
4480 4561 1.0
4487 4489 1.0 147565 1.0
4489 4487 1.0
4499 83779 2.0
4500 
4504 4505 8.0 13758 1.0 48299 2.0
4505 1776 1.0 4221 1.0 4504 8.0 18634 1.0 37918 1.0 121605 1.0 121606 2.0
4516 156910 1.0
4529 
4533 8744 1.0
4546 
4549 35709 1.0
4556 
4561 4480 1.0
4678 
4697 55793 1.0 143008 1.0
4718 3127 1.0 163845 1.0
4737 
4768 
4904 848 1.0
4928 
4929 
4969 4997 1.0 16222 1.0 16223 1.0 16224 2.0
4997 4969 1.0 4998 2.0
4998 4997 2.0
5003 11048 1.0
5119 33719 1.0 128753 1.0
5150 48455 1.0
5159 
5207 
5250 5312 2.0 38149 2.0 48029 1.0
5268 2150 1.0 18400 2.0 232500 1.0
5285 
5312 955 1.0 5250 2.0 14650 1.0 14651 2.0 38149 2.0 88115 2.0
5410 
5441 
5452 10102 1.0
5467 12855 1.0 19921 1.0 94324 1.0 103622 1.0 128753 1.0
5517 
5709 
5815 227852 1.0
5834 40518 1.0 56487 1.0
5910 
5945 51451 1.0 488489 1.0
6068 
6098 
6106 22236 2.0
6139 19084 1.0 19088 3.0 39374 1.0 73393 1.0
6143 
6186 
6361 
6380 
6460 
6462 
6477 23896 1.0 66535 1.0
6558 
6582 
6595 21030 1.0 35283 1.0
6714 16224 1.0 35939 1.0 121566 1.0 140112 1.0
6756 
6805 27243 1.0 38149 1.0 40284 3.0 40518 3.0
6962 6984 1.0 10102 1.0 27243 1.0
6981 
6984 6962 1.0 192225 1.0
7039 
7195 977 2.0 10235 2.0 65767 3.0
7231 
7280 36267 2.0 129673 2.0
7281 9132 3.0 59206 3.0 92331 1.0
7309 
7337 
7501 
7550 8236 2.0 10233 1.0 16536 1.0 27235 4.0 28570 8.0 28571 8.0 31490 1.0 42038 1.0 42157 2.0 58674 1.0
7559 
7596 4274 1.0
7608 
7620 749 1.0 955 1.0
7647 
7691 4274 3.0 7692 4.0
7692 4274 3.0 7691 4.0
7757 94741 3.0
7766 
7781 
7786 2494 2.0
7792 
7857 83493 1.0
7921 85032 1.0 85033 1.0 184057 1.0
7926 24196 1.0
7974 
7981 40086 3.0 48499 2.0 48730 3.0 73176 1.0
8057 
8093 
8129 57723 1.0
8206 
8214 47991 2.0 189848 1.0
8236 7550 2.0
8609 104216 3.0
8744 4533 1.0
8766 
8926 8928 2.0
8927 39525 2.0 179741 2.0
8928 8926 2.0
9064 18849 1.0 24938 1.0
9092 
9100 84966 1.0
9116 
9122 
9132 7281 3.0 59206 2.0
9135 
9158 
9261 9280 1.0 9741 2.0 14804 1.0
9280 9261 1.0 9741 1.0 81035 2.0
9324 4274 1.0
9375 25219 2.0 33923 4.0
9405 91 1.0 9757 2.0
9419 3394 1.0
9436 9437 2.0 14671 9.0 21497 1.0 23451 3.0 49558 1.0 66407 4.0
9437 3394 1.0 9436 2.0 23451 1.0 49558 1.0 73734 3.0
9496 2204 1.0 9497 3.0
9497 2204 2.0 9496 3.0 156859 1.0
9579 
9613 9645 2.0 48003 1.0 177369 1.0
9633 9639 1.0 59234 1.0
9639 9633 1.0 18400 1.0 18418 1.0
9643 13758 1.0 18066 1.0
9645 9613 2.0 177369 1.0
9662 33402 3.0
9701 128869 2.0
9709 39525 4.0
9711 
9715 48174 1.0
9741 9261 2.0 9280 1.0
9757 9405 2.0 12863 1.0
9769 667 2.0 73678 1.0 148434 1.0
9860 955 1.0 10100 2.0 48095 1.0 59206 2.0 82885 2.0 135794 1.0
9872 121497 1.0
9877 
9950 216513 2.0
9960 51647 1.0
9965 
9994 
10014 293974 2.0
10100 9860 2.0 64433 1.0 135794 1.0
10102 5452 1.0 6962 1.0 37298 1.0 40967 1.0
10186 3441 1.0 25164 1.0 30296 1.0 39979 2.0
10196 
10223 
10233 7550 1.0 29099 2.0 37688 1.0 37896 1.0 38149 2.0 39708 2.0 39858 2.0 146080 2.0
10235 977 2.0 7195 2.0
10259 15159 1.0 26838 1.0 47696 1.0
10285 31488 2.0 99976 1.0
10303 37760 1.0
10327 32760 1.0
10357 10358 5.0 27063 2.0
10358 10357 5.0 27063 2.0
10450 73996 1.0
10545 
10562 10563 1.0 10758 1.0
10563 10562 1.0
10598 
10601 1524 1.0
10758 10562 1.0 14707 1.0 18261 1.0
11048 5003 1.0
11134 
11318 37688 1.0 37836 1.0
11319 19088 1.0
11454 71371 1.0
11515 
11700 
11714 
11717 216276 1.0 338299 1.0
12428 429894 1.0
12520 13507 1.0
12725 19761 2.0 88872 2.0
12730 30342 2.0 30343 6.0
12855 5467 1.0 12887 1.0 19921 1.0
12863 9757 1.0 241600 1.0
12887 12855 1.0 19921 1.0 100097 1.0
12958 27390 2.0
12971 46164 1.0
13210 
13385 
13467 
13507 12520 1.0
13625 1598 1.0 13626 6.0
13626 13625 6.0 13662 2.0 65140 4.0 66729 2.0 169384 1.0
13650 
13662 13626 2.0 65140 3.0 169384 1.0
13747 13758 1.0
13758 4504 1.0 9643 1.0 13747 1.0 37682 1.0 79730 1.0 121605 1.0 121627 4.0 426881 1.0
13880 
13908 
13942 145822 1.0
14217 
14223 91 1.0
14264 
14301 
14302 
14327 17945 1.0 362769 1.0
14474 
14482 
14508 83229 1.0
14512 
14650 5312 1.0 14651 3.0
14651 5312 2.0 14650 3.0
14654 28185 3.0
14671 9436 9.0 21497 1.0
14707 10758 1.0 18261 1.0
14771 
14803 
14804 9261 1.0
14806 
14823 
14851 
14867 168709 1.0
14879 
14880 78436 1.0
14893 81300 3.0
14894 
15043 
15070 15072 1.0
15072 15070 1.0
15159 10259 1.0 47696 1.0
15193 
15223 21191 1.0 27235 4.0
15423 33719 2.0
15559 
15586 15587 2.0
15587 15586 2.0
15875 
15948 
15949 
15956 
15970 30381 1.0
16030 
16104 16105 1.0
16105 16104 1.0 23774 3.0
16147 16149 3.0
16149 16147 3.0
16151 16401 1.0
16222 4969 1.0 16223 3.0 16224 1.0
16223 4969 1.0 16222 3.0 16224 3.0 157378 1.0
16224 4969 2.0 6714 1.0 16222 1.0 16223 3.0 35939 1.0 140112 1.0 157378 1.0
16235 
16280 30923 1.0
16282 
16283 16284 5.0
16284 16283 5.0
16401 16151 1.0
16457 
16536 7550 1.0 19088 1.0 19220 1.0 25294 1.0 27235 3.0 28570 1.0 28571 3.0 28677 1.0 42383 3.0
16951 
17249 
17834 69538 2.0 230942 1.0
17851 79885 1.0 162204 1.0
17910 100097 1.0
17945 14327 1.0 362769 1.0
18066 9643 1.0
18199 
18261 10758 1.0 14707 1.0
18265 
18400 5268 2.0 9639 1.0 18401 7.0 18418 1.0 67798 1.0
18401 18400 7.0
18418 9639 1.0 18400 1.0 179078 1.0 351271 2.0
18455 32183 1.0 32184 3.0 82432 1.0 129978 2.0
18619 
18634 3992 1.0 4505 1.0
18675 
18731 
18809 
18813 2300 1.0 118336 2.0
18835 2587 1.0 18849 1.0 44359 1.0 71260 1.0
18836 
18849 2204 1.0 9064 1.0 18835 1.0 24938 1.0
18880 
18895 89031 1.0
18923 
18959 
18971 
19084 6139 1.0 19088 1.0
19085 19086 1.0 19088 1.0
19086 19085 1.0 19088 4.0 28694 1.0
19088 6139 3.0 11319 1.0 16536 1.0 19084 1.0 19085 1.0 19086 4.0 27235 1.0 28571 1.0 28694 4.0 73393 1.0 147269 1.0
19132 22990 1.0 24196 1.0 107231 1.0
19195 
19209 19210 2.0
19210 19209 2.0
19219 
19220 2494 1.0 16536 1.0 25294 1.0 27235 2.0 28571 2.0 31490 1.0 102910 3.0
19223 22990 2.0 107231 1.0
19457 
19534 
19761 12725 2.0 88872 2.0
19921 5467 1.0 12855 1.0 12887 1.0 94324 1.0 128753 1.0
20450 3631 1.0 4447 1.0
20566 
20602 
20638 
20675 20676 2.0 55883 2.0 118429 1.0
20676 20675 2.0 118429 1.0
20703 
20789 74184 3.0
20793 20795 5.0 73996 2.0
20795 20793 5.0 69959 1.0 69960 1.0 69961 1.0 73996 1.0
20797 91 1.0 104771 1.0
21003 
21030 2246 2.0 2534 2.0 6595 1.0 50834 1.0 118347 2.0 143008 1.0
21136 
21159 21160 3.0
21160 21159 3.0
21191 15223 1.0
21196 
21221 
21222 50531 1.0 66504 1.0
21318 21319 3.0
21319 21318 3.0
21429 
21497 9436 1.0 14671 1.0
21519 
21746 21747 2.0
21747 21746 2.0 38397 1.0
21958 
21962 30983 1.0 35939 1.0
22078 
22093 
22198 
22236 6106 2.0 134235 1.0
22278 28571 1.0 30632 1.0 103064 2.0
22372 
22733 
22962 
22984 28677 2.0 74801 2.0
22990 19132 1.0 19223 2.0 24196 1.0 107231 1.0
23088 48181 1.0 97637 3.0 199699 1.0
23203 
23335 
23345 
23451 9436 3.0 9437 1.0
23774 16105 3.0
23894 
23896 6477 1.0
24072 45712 1.0 102463 2.0 109730 1.0 166767 1.0
24079 80735 1.0
24196 7926 1.0 19132 1.0 22990 1.0
24281 
24315 24316 2.0 24665 2.0 440170 1.0
24316 24315 2.0 24665 2.0 440170 1.0
24404 
24479 413250 2.0
24550 
24602 
24665 24315 2.0 24316 2.0
24693 
24938 9064 1.0 18849 1.0
25164 10186 1.0 41888 1.0
25183 
25219 9375 2.0
25265 91478 2.0
25291 84916 3.0 295223 3.0
25294 16536 1.0 19220 1.0 37896 2.0
25329 33719 1.0 37682 1.0
25346 
25367 
25471 
25507 74686 3.0
25572 27063 1.0
25711 
25834 
25890 879 1.0 25891 1.0 37688 1.0 82044 1.0 149473 1.0
25891 879 1.0 25890 1.0 37688 1.0 39765 3.0 39766 9.0 63717 5.0 82044 5.0 159484 1.0
26092 
26105 48181 2.0
26293 
26376 
26377 
26475 
26731 
26821 37836 2.0
26830 27336 1.0
26838 10259 1.0
26877 
26952 3373 3.0 3375 3.0 3376 3.0 27335 2.0
27063 10357 2.0 10358 2.0 25572 1.0
27082 
27234 40173 1.0
27235 7550 4.0 15223 4.0 16536 3.0 19088 1.0 19220 2.0 28570 2.0 28571 2.0 28677 1.0 42383 3.0 102910 2.0 183691 1.0
27243 2534 1.0 2587 1.0 6805 1.0 6962 1.0 40518 1.0
27335 3373 2.0 3375 2.0 3376 2.0 26952 2.0 27336 1.0
27336 26830 1.0 27335 1.0
27390 12958 2.0
27640 
28161 
28163 28164 1.0
28164 28163 1.0
28165 
28185 14654 3.0
28338 
28570 7550 8.0 16536 1.0 27235 2.0 28571 6.0 42157 1.0 42383 3.0 58674 1.0
28571 7550 8.0 16536 3.0 19088 1.0 19220 2.0 22278 1.0 27235 2.0 28570 6.0 31490 1.0 41888 1.0 42038 1.0 102910 2.0
28609 
28611 66509 3.0
28644 28668 1.0
28668 28644 1.0
28677 16536 1.0 22984 2.0 27235 1.0 30016 1.0 30017 14.0 42383 1.0 42520 7.0 48525 1.0 49938 1.0 57957 1.0 74801 8.0 81561 1.0 81919 5.0 158572 1.0 269772 1.0
28694 19086 1.0 19088 4.0 30187 1.0
28826 57000 3.0 81558 1.0
28840 
29067 188266 1.0
29099 10233 2.0 39708 3.0 39858 2.0 146080 2.0 226311 1.0
29237 157787 1.0
29286 
29486 
29518 116305 1.0
29876 
30016 28677 1.0 30017 1.0
30017 28677 14.0 30016 1.0
30138 
30187 28694 1.0
30296 10186 1.0
30342 12730 2.0 30343 2.0
30343 12730 6.0 30342 2.0
30381 15970 1.0 37896 4.0
30405 
30632 22278 1.0
30634 
30745 
30757 
30842 143674 1.0
30843 
30883 
30923 16280 1.0
30983 21962 1.0 35939 1.0
31036 
31259 89632 4.0 113353 1.0
31488 10285 2.0 31489 1.0 32076 4.0 201015 1.0
31489 31488 1.0
31490 3441 2.0 7550 1.0 19220 1.0 28571 1.0
31763 129309 1.0
31942 543758 1.0
32076 31488 4.0 32353 2.0 60146 1.0 99976 2.0
32177 
32183 18455 1.0 32184 1.0
32184 18455 3.0 32183 1.0
32189 39659 1.0
32327 
32353 32076 2.0
32356 
32470 
32546 
32574 81629 1.0 179078 1.0
32707 
32760 10327 1.0
32889 
32989 120567 1.0 134201 1.0 343884 1.0
33342 
33402 9662 3.0
33431 
33442 
33452 102578 1.0
33508 
33719 5119 1.0 15423 2.0 25329 1.0
33828 
33895 38868 1.0 70853 4.0 161367 1.0
33923 9375 4.0
34156 2460 3.0
34163 
34233 
34322 
34405 
34466 
34617 
34678 
35110 
35111 
35127 
35158 
35283 6595 1.0
35389 
35413 135751 2.0
35429 
35444 
35478 
35608 
35709 2800 1.0 4549 1.0
35785 
35939 6714 1.0 16224 1.0 21962 1.0 30983 1.0 140112 1.0
36023 
36267 7280 2.0 129673 2.0
36621 4266 2.0
36625 
36641 57723 1.0
36689 
37044 
37171 
37234 37257 1.0
37235 37810 2.0 37836 2.0 58674 1.0 94174 1.0 104848 3.0 150711 1.0
37257 37234 1.0
37287 124943 2.0
37291 
37298 10102 1.0 39374 1.0 210810 1.0
37380 
37381 
37418 
37419 
37451 
37558 
37561 
37682 87 1.0 13758 1.0 25329 1.0 48029 2.0 58674 1.0 79730 4.0 81700 2.0 81701 1.0 270614 2.0
37688 879 1.0 10233 1.0 11318 1.0 25890 1.0 25891 1.0 37810 1.0 37836 1.0 39858 2.0 48029 2.0 77559 4.0 82044 1.0 132821 1.0 146080 1.0
37692 37694 1.0
37694 37692 1.0
37756 73471 1.0
37760 10303 1.0
37810 37235 2.0 37688 1.0 37836 2.0 155490 1.0
37836 2150 1.0 11318 1.0 26821 2.0 37235 2.0 37688 1.0 37810 2.0 40173 2.0 41892 1.0 52781 1.0
37841 
37896 10233 1.0 25294 2.0 30381 4.0 73393 1.0 168661 1.0
37918 4505 1.0
37958 
37990 
38025 
38053 
38149 5250 2.0 5312 2.0 6805 1.0 10233 2.0 39659 8.0 40518 1.0
38323 
38397 879 1.0 21747 1.0 223748 6.0
38531 
38607 50052 1.0
38705 
38868 33895 1.0 70853 1.0 161367 1.0
38904 
38978 
38996 
39074 
39142 
39339 
39374 6139 1.0 37298 1.0
39525 8927 2.0 9709 4.0 101195 1.0 179741 2.0
39527 
39643 
39659 32189 1.0 38149 8.0
39708 10233 2.0 29099 3.0 39858 2.0 146080 2.0
39746 268928 1.0
39765 25891 3.0 39766 4.0 63717 1.0 82044 1.0
39766 25891 9.0 39765 4.0 63717 3.0 82044 3.0 159484 1.0
39858 10233 2.0 29099 2.0 37688 2.0 39708 2.0 146080 2.0
39979 3441 1.0 10186 2.0
40086 7981 3.0 48730 3.0 157968 1.0
40168 199912 1.0
40173 27234 1.0 37836 2.0 387078 1.0
40191 
40262 3441 1.0
40284 6805 3.0 40285 1.0
40285 40284 1.0
40301 
40327 
40387 
40497 
40518 5834 1.0 6805 3.0 27243 1.0 38149 1.0 56487 1.0
40531 
40597 
40606 
40653 40654 2.0 158541 1.0 253223 1.0
40654 40653 2.0
40672 91 4.0 61150 2.0 112085 2.0
40803 
40941 
40967 91 1.0 10102 1.0 77128 1.0 97521 1.0
41148 
41511 
41537 108792 2.0
41806 2534 1.0
41888 25164 1.0 28571 1.0 42038 1.0 150077 2.0
41892 37836 1.0 225527 2.0
41950 
42019 
42032 
42038 7550 1.0 28571 1.0 41888 1.0 42157 1.0
42089 
42108 
42145 2862 2.0
42157 7550 2.0 28570 1.0 42038 1.0
42282 
42383 16536 3.0 27235 3.0 28570 3.0 28677 1.0
42520 28677 7.0 48525 1.0 81919 1.0 269772 1.0
42728 45604 1.0
42875 
43466 
43517 
43670 82349 1.0
43712 
43831 
44170 3988 6.0 44576 1.0
44272 46164 1.0
44301 
44326 
44359 2587 1.0 18835 1.0
44391 
44399 
44469 
44479 
44563 
44573 44574 5.0 44576 1.0 79707 5.0 79709 5.0
44574 44573 5.0 44576 1.0 79707 4.0 79709 5.0
44576 44170 1.0 44573 1.0 44574 1.0 79709 1.0
44664 
44712 
44783 
44961 160955 2.0
45182 3988 4.0
45437 
45468 
45512 
45514 
45604 42728 1.0 95868 1.0
45712 24072 1.0 109730 1.0 166767 1.0
45830 
46000 
46100 4473 1.0
46164 12971 1.0 44272 1.0 50052 3.0
46232 
46342 
47025 
47165 91 3.0
47543 
47606 
47696 10259 1.0 15159 1.0
47990 
47991 8214 2.0 189848 1.0
48003 3161 1.0 9613 1.0
48029 955 2.0 4274 1.0 5250 1.0 37682 2.0 37688 2.0 79730 2.0
48031 
48095 955 2.0 9860 1.0
48115 76797 1.0
48117 
48162 
48174 9715 1.0
48181 23088 1.0 26105 2.0
48184 2482 1.0
48193 
48299 4504 2.0
48389 
48455 5150 1.0
48499 7981 2.0
48525 28677 1.0 42520 1.0 59030 1.0
48730 7981 3.0 40086 3.0
48740 
48834 48835 4.0
48835 48834 4.0
49209 49210 2.0
49210 49209 2.0
49319 
49322 83124 1.0 118347 1.0
49482 
49489 
49558 9436 1.0 9437 1.0
49665 304807 1.0
49718 
49938 28677 1.0 81919 1.0
50052 38607 1.0 46164 3.0
50277 109325 2.0
50285 81372 1.0
50346 
50383 
50531 21222 1.0
50654 
50703 50704 2.0 50705 2.0 117598 1.0
50704 50703 2.0 50705 3.0 117598 1.0
50705 50703 2.0 50704 3.0 117598 12.0
50733 
50809 
50834 21030 1.0 143008 1.0
50875 
50906 
51413 4467 1.0
51430 
51451 5945 1.0
51548 
51559 
51561 159450 2.0
51647 9960 1.0
51729 
51939 
51946 1864 1.0
52161 
52321 
52356 
52654 
52655 
52700 
52711 52722 1.0 52725 2.0
52722 52711 1.0 52725 1.0 83828 1.0
52725 52711 2.0 52722 1.0
52781 37836 1.0
53329 
53330 
53655 
53665 
53824 
53867 174505 1.0
53885 65362 3.0
53923 
53984 
53995 
54176 54202 1.0 63701 1.0
54202 54176 1.0 63701 1.0
54323 95775 1.0
54365 
54412 
54489 293582 1.0
54548 54549 1.0
54549 54548 1.0
54642 
54644 54645 3.0
54645 54644 3.0
54786 
54811 162204 1.0
55016 82466 1.0 154996 1.0
55333 
55418 
55447 
55494 69343 1.0
55502 
55598 
55673 
55776 
55793 4697 1.0
55794 
55883 20675 2.0
56392 
56426 
56487 5834 1.0 40518 1.0
56513 
56718 
56836 
57000 28826 3.0 81558 1.0 144959 1.0
57504 89031 1.0
57562 
57723 8129 1.0 36641 1.0 80402 1.0 115698 2.0 522569 2.0
57957 28677 1.0 82672 1.0
58310 
58512 
58674 7550 1.0 28570 1.0 37235 1.0 37682 1.0 81700 1.0
58733 
58999 
59030 48525 1.0
59046 114684 2.0
59091 
59206 7281 3.0 9132 2.0 9860 2.0
59234 9633 1.0
59506 120980 1.0
59977 
60089 
60139 
60146 32076 1.0
60207 
60273 80571 1.0
60274 
60616 
60704 
60706 
60945 
60980 106226 2.0
61150 91 2.0 40672 2.0 112085 4.0
61343 
61498 112120 2.0
61696 
61824 3343 1.0 126811 2.0 160955 1.0
61825 61827 6.0 147454 1.0 163379 1.0
61827 61825 6.0 93159 2.0 147454 1.0 163379 6.0 272238 2.0
62563 
62593 
62618 
62665 
62775 
62928 
63265 
63412 
63643 879 1.0
63690 
63697 66534 2.0 66535 2.0
63701 54176 1.0 54202 1.0
63717 25891 5.0 39765 1.0 39766 3.0 82044 3.0 82045 1.0
64433 10100 1.0 78436 1.0
64641 
64674 
64862 
64894 
65015 
65060 65061 2.0
65061 65060 2.0
65140 13626 4.0 13662 3.0 66729 2.0 169384 1.0
65242 
65362 955 1.0 1776 1.0 53885 3.0 93713 1.0
65543 87046 1.0
65566 65567 1.0 65568 4.0 192348 1.0
65567 65566 1.0 65568 2.0 192348 1.0
65568 65566 4.0 65567 2.0 192348 1.0
65767 7195 3.0
66342 
66405 92594 1.0
66407 9436 4.0
66504 21222 1.0
66509 28611 3.0
66534 63697 2.0 66535 2.0
66535 6477 1.0 63697 2.0 66534 2.0
66635 
66729 13626 2.0 65140 2.0
66866 
66950 
67054 
67680 
67798 18400 1.0 121140 1.0
67963 
68042 
68083 
68169 
68180 
68265 
68570 
68840 
68901 
69209 
69248 69249 1.0
69249 69248 1.0
69339 69341 1.0 69342 3.0
69341 69339 1.0 69342 2.0 93783 1.0
69342 69339 3.0 69341 2.0 93783 1.0
69343 55494 1.0
69375 
69538 17834 2.0
69642 
69781 
69944 
69959 20795 1.0 69960 3.0 69961 3.0
69960 20795 1.0 69959 3.0 69961 3.0
69961 20795 1.0 69959 3.0 69960 3.0 227896 1.0
70093 
70549 121760 1.0
70853 33895 4.0 38868 1.0 161367 1.0
70901 
70946 
71260 18835 1.0
71371 11454 1.0
71633 
71656 
72020 3394 1.0
72271 
72278 114924 3.0 230942 1.0
72620 
72685 
73005 
73031 73032 4.0
73032 73031 4.0
73176 7981 1.0
73330 
73375 
73393 6139 1.0 19088 1.0 37896 1.0
73395 
73427 
73471 37756 1.0 194485 1.0
73635 
73678 9769 1.0
73688 
73734 1588 1.0 9437 3.0
73996 10450 1.0 20793 2.0 20795 1.0
74021 
74184 20789 3.0
74207 
74220 955 1.0
74377 
74599 
74628 
74686 25507 3.0 79725 1.0
74801 22984 2.0 28677 8.0 81919 1.0
74839 
75277 1776 1.0
75369 
75387 
75393 
75937 
76000 
76012 
76211 
76258 
76627 86107 1.0 215702 2.0
76711 
76756 
76797 1584 1.0 2181 1.0 48115 1.0 76798 1.0 80385 1.0
76798 1584 1.0 2181 1.0 76797 1.0
77128 40967 1.0 301816 1.0
77559 37688 4.0
77961 
78144 
78436 14880 1.0 64433 1.0
78675 
78726 
78806 
79022 
79345 91 1.0
79643 
79707 44573 5.0 44574 4.0 79709 4.0
79709 44573 5.0 44574 5.0 44576 1.0 79707 4.0
79725 74686 1.0
79730 87 1.0 13758 1.0 37682 4.0 48029 2.0 219898 1.0 270614 1.0
79821 79837 1.0 107856 4.0
79837 79821 1.0 109499 1.0
79885 17851 1.0 219675 1.0 374781 1.0
79914 157397 2.0
80050 
80227 
80385 76797 1.0
80402 57723 1.0
80550 91 1.0
80571 60273 1.0 80572 1.0
80572 80571 1.0
80698 
80735 24079 1.0
80749 
81035 9280 2.0
81300 14893 3.0
81372 50285 1.0
81532 94174 1.0 211088 1.0
81558 28826 1.0 57000 1.0
81561 28677 1.0 81919 1.0
81597 
81629 32574 1.0 94174 3.0 99924 3.0 102023 4.0 156049 1.0 576643 1.0
81630 
81645 
81700 37682 2.0 58674 1.0 81701 1.0
81701 37682 1.0 81700 1.0
81919 28677 5.0 42520 1.0 49938 1.0 74801 1.0 81561 1.0
81944 791 3.0
81989 2849 3.0
82044 879 1.0 25890 1.0 25891 5.0 37688 1.0 39765 1.0 39766 3.0 63717 3.0 82045 1.0
82045 63717 1.0 82044 1.0 82466 1.0
82063 82064 2.0
82064 1864 1.0 82063 2.0
82118 
82349 43670 1.0
82403 
82432 18455 1.0 378988 2.0
82466 55016 1.0 82045 1.0 135226 5.0
82530 
82672 57957 1.0
82885 9860 2.0
83124 49322 1.0 109009 5.0 118347 3.0
83229 14508 1.0
83493 7857 1.0
83779 4499 2.0
83828 52722 1.0 205474 1.0
84892 
84916 25291 3.0 295223 4.0
84966 9100 1.0
84967 
85032 7921 1.0 85033 3.0 194137 1.0
85033 7921 1.0 85032 3.0
85341 3992 2.0
85468 
85573 
85663 
86070 
86107 76627 1.0
86232 
86296 
86519 
86655 86656 8.0
86656 86655 8.0
86946 87787 1.0 184670 1.0
87046 65543 1.0
87244 143579 2.0
87312 
87610 
87679 87681 4.0 87682 4.0
87681 87679 4.0 87682 4.0 119272 1.0
87682 87679 4.0 87681 4.0
87787 86946 1.0 184668 1.0 184670 5.0
88115 5312 2.0
88339 
88713 
88817 
88872 12725 2.0 19761 2.0
88939 
89031 18895 1.0 57504 1.0
89604 
89632 31259 4.0 365788 1.0
89942 100676 1.0
90032 
90457 
90808 2482 1.0 90809 4.0 142372 3.0
90809 90808 4.0 142372 2.0
91021 
91032 
91240 
91478 25265 2.0
91654 
91728 
91850 
91917 
92331 7281 1.0
92341 
92388 200056 6.0
92409 
92593 
92594 66405 1.0
92637 
92657 
92866 
92876 
93092 4473 1.0
93159 61827 2.0
93303 
93604 
93713 1776 1.0 65362 1.0
93783 69341 1.0 69342 1.0
93854 
93866 
94100 
94174 37235 1.0 81532 1.0 81629 3.0 156051 1.0
94318 
94324 5467 1.0 19921 1.0 128753 1.0
94741 7757 3.0
95265 223671 3.0 223920 1.0
95752 
95774 95775 1.0
95775 54323 1.0 95774 1.0
95793 
95868 45604 1.0
95913 95966 1.0
95966 95913 1.0
96098 91 1.0
96493 
96577 147346 1.0 147347 1.0
96734 
97007 
97009 
97133 
97521 40967 1.0
97536 
97637 23088 3.0
98376 
98418 4274 1.0
98597 
98866 
98938 
99032 
99140 
99197 
99448 
99514 
99694 4447 1.0
99924 81629 3.0
99976 10285 1.0 32076 2.0
100037 
100097 12887 1.0 17910 1.0
100319 
100341 
100442 167004 1.0
100676 89942 1.0
101195 39525 1.0
101642 277535 1.0
102023 81629 4.0
102207 
102463 24072 2.0
102526 
102578 33452 1.0
102796 
102832 
102910 19220 3.0 27235 2.0 28571 2.0
103029 
103064 22278 2.0
103079 
103111 
103545 
103622 5467 1.0
103706 
103744 
103758 149448 2.0
104216 8609 3.0
104350 
104738 
104771 20797 1.0
104848 37235 3.0
105056 
105107 
105166 
105168 
105354 
105396 
105450 
105577 
105987 
106073 
106188 
106226 60980 2.0
106679 
107231 19132 1.0 19223 1.0 22990 1.0
107238 
107304 326929 1.0
107557 
107690 
107748 
107856 79821 4.0
107915 
107922 
107930 
108304 
108565 
108758 108760 1.0
108760 108758 1.0
108792 41537 2.0
109009 83124 5.0 118347 3.0
109325 50277 2.0
109447 
109499 79837 1.0
109570 
109618 181577 1.0
109730 24072 1.0 45712 1.0 166767 3.0
109785 
110436 
110705 
110979 
111273 
111894 
112085 91 2.0 40672 2.0 61150 4.0
112120 61498 2.0
112156 
112209 112210 1.0 211718 2.0
112210 112209 1.0
112244 667 1.0
112472 
113353 31259 1.0
113509 
113723 
114022 
114213 
114684 59046 2.0
114924 72278 3.0 230942 1.0
115416 
115698 57723 2.0
115905 
116305 29518 1.0
116683 198368 1.0
117598 50703 1.0 50704 1.0 50705 12.0
117923 
118336 18813 2.0
118347 2246 2.0 2534 2.0 21030 2.0 49322 1.0 83124 3.0 109009 3.0
118429 20675 1.0 20676 1.0
119272 87681 1.0 274001 1.0
119406 3631 1.0
119887 
120240 
120567 32989 1.0 343884 2.0
120603 879 1.0
120980 59506 1.0
121140 67798 1.0
121300 
121364 
121497 9872 1.0 189943 1.0
121566 6714 1.0
121584 
121605 4505 1.0 13758 1.0 121606 1.0
121606 4221 1.0 4505 2.0 121605 1.0
121627 13758 4.0
121760 70549 1.0
122107 
122649 
122799 
122961 
123011 3190 2.0
123051 2482 1.0
123078 
123663 445880 1.0
123810 
124215 
124943 37287 2.0 188414 1.0
125197 
126352 198890 1.0
126356 
126811 61824 2.0 160955 1.0
128296 
128302 
128334 
128391 
128753 5119 1.0 5467 1.0 19921 1.0 94324 1.0
128869 9701 2.0
128885 
129309 31763 1.0
129403 
129673 7280 2.0 36267 2.0
129690 
129832 
129931 3992 2.0 3993 2.0
129978 18455 2.0
130432 
130573 
130808 
131373 143763 3.0
131591 
131851 
132213 
132415 
132568 
132819 132821 2.0
132821 37688 1.0 132819 2.0 146080 2.0
132887 
132927 
133294 
133331 
134201 32989 1.0
134235 22236 1.0
134985 
135162 
135191 
135226 82466 5.0
135751 35413 2.0
135794 9860 1.0 10100 1.0
136176 
136207 
137348 
137428 
138772 
138778 148848 1.0 390294 1.0
140112 2455 1.0 6714 1.0 16224 1.0 35939 1.0 304807 1.0
140992 
141300 
141519 
141534 
141715 
141830 
142372 90808 3.0 90809 2.0
143008 4697 1.0 21030 1.0 50834 1.0
143275 1598 1.0
143300 
143310 
143425 143427 7.0
143427 143425 7.0
143579 87244 2.0
143674 30842 1.0
143763 131373 3.0
143891 
144313 
144473 
144562 
144579 
144716 
144958 144959 1.0
144959 57000 1.0 144958 1.0
145106 
145574 
145822 13942 1.0
145900 
146080 10233 2.0 29099 2.0 37688 1.0 39708 2.0 39858 2.0 132821 2.0
146659 
146816 
146945 146946 2.0
146946 146945 2.0
147096 199933 1.0
147268 147269 1.0
147269 19088 1.0 147268 1.0
147346 96577 1.0 147347 1.0
147347 96577 1.0 147346 1.0
147454 61825 1.0 61827 1.0
147565 4487 1.0
148434 9769 1.0
148757 
148840 
148848 138778 1.0
148852 
149348 
149448 103758 2.0
149473 25890 1.0
149552 
149820 
149827 
150077 41888 2.0
150377 
150711 37235 1.0
151326 2582 1.0
151865 
152136 
152350 
152862 
153192 
153868 
154996 55016 1.0
155187 
155301 
155490 37810 1.0
155792 
156049 81629 1.0
156051 94174 1.0
156335 
156720 
156859 9497 1.0
156910 4516 1.0
157193 
157378 16223 1.0 16224 1.0
157397 79914 2.0
157417 
157787 29237 1.0
157907 
157968 40086 1.0
158016 
158361 158362 2.0
158362 158361 2.0
158541 40653 1.0
158572 28677 1.0
158738 
159358 
159383 
159450 51561 2.0
159484 25891 1.0 39766 1.0
159775 
160006 
160164 
160556 
160560 
160926 
160955 44961 2.0 61824 1.0 126811 1.0
161333 
161367 33895 1.0 38868 1.0 70853 1.0
161808 
162078 
162204 17851 1.0 54811 1.0
162703 
162824 
163108 
163355 
163379 61825 1.0 61827 6.0 272238 2.0
163405 
163845 4718 1.0
163867 
164389 
165010 
165333 
165598 
165710 
165714 
165716 
166063 
166733 
166767 24072 1.0 45712 1.0 109730 3.0
167004 100442 1.0
167259 
167514 
167924 
168036 168037 1.0
168037 168036 1.0
168661 37896 1.0
168709 14867 1.0
168955 
169384 13626 1.0 13662 1.0 65140 1.0
169540 
170380 
170402 
170993 
172390 91 1.0
172578 
172910 
173389 
173390 
173556 
173603 
174230 
174410 
174456 
174505 53867 1.0
174694 
175675 
175754 
175839 
175998 
176859 
176933 
177300 
177369 9613 1.0 9645 1.0
177680 
178233 
179016 
179078 18418 1.0 32574 1.0
179741 8927 2.0 39525 2.0
180680 
181166 
181577 109618 1.0
181646 
182283 182284 2.0
182284 182283 2.0
182857 
183372 
183691 27235 1.0
183967 
184057 7921 1.0
184090 
184095 
184414 
184422 
184668 87787 1.0 184670 7.0
184670 86946 1.0 87787 5.0 184668 7.0
185744 
186695 
186711 
186833 
186895 
187141 235113 1.0
187585 224325 1.0
188266 29067 1.0
188414 124943 1.0
188770 
188900 
189113 
189672 
189748 
189763 
189848 8214 1.0 47991 1.0
189902 
189943 121497 1.0
191491 
191596 
191605 
192225 6984 1.0
192348 65566 1.0 65567 1.0 65568 1.0
192402 
193068 
193478 
193925 
194137 85032 1.0
194277 
194485 73471 1.0
194730 
195048 
195600 
196174 
197014 
197442 
197530 
197567 
198115 198117 7.0
198117 198115 7.0
198142 
198368 116683 1.0
198385 
198518 
198534 
198676 
198889 198890 2.0 198891 2.0 513855 2.0
198890 126352 1.0 198889 2.0 198891 2.0 513855 2.0
198891 198889 2.0 198890 2.0 513855 2.0
199699 23088 1.0
199706 
199912 40168 1.0
199933 147096 1.0
200056 92388 6.0
200444 
201015 31488 1.0
201235 
203074 
203402 
203539 
203650 
203846 
204132 
204513 
205126 
205474 83828 1.0
205481 
205662 
205709 
206235 
206256 2582 1.0
206756 
207034 
207911 251871 1.0
208408 
210809 210810 1.0
210810 37298 1.0 210809 1.0
211088 81532 1.0
211251 
211718 112209 2.0
212101 
212842 
212843 
214439 
214993 
215040 
215702 76627 2.0
216276 11717 1.0 338299 2.0
216513 9950 2.0
217206 
217648 
218178 
219103 
219116 
219675 79885 1.0 374781 1.0
219898 79730 1.0
220371 749 2.0
221822 
221928 514517 3.0
221943 
222170 222171 1.0 224908 1.0
222171 222170 1.0 224908 1.0 880527 2.0 880528 2.0
222565 
223298 
223671 95265 3.0
223748 38397 6.0
223920 95265 1.0
223954 
224325 187585 1.0
224908 222170 1.0 222171 1.0
224918 426375 1.0
225257 
225276 
225285 
225527 41892 2.0
226311 29099 1.0
227282 
227518 
227608 
227741 
227852 5815 1.0
227896 69961 1.0
228320 
228352 
228589 
230942 17834 1.0 72278 1.0 114924 1.0
231966 
232199 
232500 5268 1.0
233577 
234599 
234911 
235113 187141 1.0
235562 
235582 
236785 
238082 
239761 
240140 
241600 12863 1.0
242118 
242273 
242683 
244617 
244728 
244830 
245301 
245385 
245789 
246714 
249670 
249975 
250270 
250607 
250850 
251736 
251761 
251871 207911 1.0
252348 
252958 
253161 
253223 40653 1.0
253958 
255824 
256190 
256450 
257328 
259751 
261409 
261883 
262289 
262776 
262826 
262886 
264470 
264795 
265022 
265788 
265808 
266194 
266853 
267695 1524 2.0
268928 39746 1.0
269660 
269661 
269727 
269771 
269772 28677 1.0 42520 1.0
270523 
270594 
270597 
270614 87 1.0 37682 2.0 79730 1.0
270943 
271378 
272171 
272212 
272221 
272238 61827 2.0 163379 2.0
272270 
272356 
272693 
273008 
273432 
274001 119272 1.0
275259 675209 1.0
275325 
277275 
277315 
277535 101642 1.0
278606 
278713 
280140 
283877 
284394 
288850 419526 1.0
289448 
289946 
290102 
290323 
290843 
291060 
291232 
293255 
293582 54489 1.0
293974 10014 2.0
294172 
294219 
294286 
294814 
295133 
295223 25291 3.0 84916 4.0
296416 
296619 
297176 
297867 
300850 
301052 
301082 
301113 
301816 77128 1.0
302469 
303166 
303712 
304329 
304807 49665 1.0 140112 1.0
305557 
306762 
306832 
309444 
312603 
313057 3010 1.0
313393 
313431 
315891 
316572 
317305 
318007 
319455 
321302 
322126 
324571 
325273 
325280 
326505 
326929 107304 1.0
326999 
327030 
327088 
328734 
329507 
330845 
331254 347234 1.0
335103 
336857 
338066 
338299 11717 1.0 216276 2.0
343567 
343884 32989 1.0 120567 2.0
343919 
344578 
344595 
344842 
346050 
347014 
347234 331254 1.0
347490 
348174 
349167 
350603 
351271 18418 2.0
351515 
351883 
351896 
354517 
354633 
356194 
356291 
356325 
357109 
357149 
357722 
358319 
358398 
358752 
359655 
360256 
362311 
362408 
362769 14327 1.0 17945 1.0
363343 
363910 
365406 
365700 
365788 89632 1.0
366065 
367123 
367799 
368615 
370657 
371141 
371218 
372871 
374781 79885 1.0 219675 1.0
375162 
375885 
376061 
376463 
376824 
376855 
377548 
378093 
378988 82432 2.0
382209 
382235 
382546 
383463 
383982 
386135 
386152 
386443 
386528 
387078 40173 1.0
387948 
389656 
389674 
390294 138778 1.0
390353 
390625 
391134 
391389 
391523 
391622 
392855 
394675 
400266 
401061 
401561 
402282 
402430 
403903 
408084 
413250 24479 2.0
414632 
416517 
417896 
419316 
419526 288850 1.0
420272 
421339 
423336 
423610 
426073 
426375 224918 1.0
426881 13758 1.0
426996 
428064 
429894 12428 1.0
430104 
431049 
433623 
435131 
436421 
439174 
440170 24315 1.0 24316 1.0
445047 
445293 
445880 123663 1.0
446030 
446031 
449548 
450328 
451675 
456291 
457361 
457981 
458437 
458622 
459063 
460550 
464535 3127 2.0
466526 
466540 
466652 
468508 
470913 
478469 
487012 
488489 5945 1.0
490741 
490813 
491003 
491504 
493850 
495491 
496813 
504963 
507201 
507832 
508057 
511540 
513679 
513773 
513855 198889 2.0 198890 2.0 198891 2.0
514517 221928 3.0
515313 
517210 
517972 
520285 
522569 57723 2.0
522830 
522832 
523624 
524474 
530409 
531227 
535549 
535580 
535581 
535594 
537987 
538556 
540484 
540949 
541943 
542893 
543758 31942 1.0
548368 
552554 
554287 
555531 
557511 
558464 
558503 
559417 
562316 
564213 
564486 
569537 
569727 
573761 
575676 
576643 81629 1.0
576869 
578403 
578835 
583800 
585332 
588828 
588975 
590963 
591856 
593661 
596265 
601241 
608480 
609701 
610612 
614342 
616543 
618340 
618342 
622034 
633992 
635532 
640593 
640906 
647982 
650640 
655198 
657425 
663289 
665601 
671639 
675209 275259 1.0
678189 
730481 
733030 
734253 
744305 
748413 
748906 
770784 
789629 
794766 
796010 
826422 
843250 
875538 
880527 222171 2.0 880528 2.0
880528 222171 2.0 880527 2.0
880870 
914564 
937809 
941650 
958935 
1238998 
1263986 
1434303 
1684818 
1947141 
