87 25891 2.0 37688 1.0 38149 2.0
91 181 5.0 2482 2.0 4678 1.0 5910 1.0 14223 4.0 40672 3.0 44479 1.0 47165 2.0 73375 1.0 79345 1.0 85573 1.0 159775 1.0
100 93159 1.0 306832 2.0
103 
181 91 5.0 10014 1.0 48162 1.0 99197 1.0 259751 1.0
259 
260 1864 1.0 2176 1.0 51946 1.0
457 
656 
667 32760 2.0 37235 1.0
749 220371 1.0 267695 1.0
759 63717 1.0
791 67963 2.0 81944 3.0 82403 1.0 95793 1.0
807 808 2.0
808 807 2.0
848 18265 1.0 161808 1.0
879 30296 1.0 63643 1.0 120603 1.0
953 
955 4274 7.0 5312 1.0 6962 1.0 9860 1.0 16223 1.0 27243 1.0 48029 3.0 48095 1.0 66866 1.0 74220 1.0 123051 1.0 214993 3.0
977 
989 193068 1.0
1018 4697 1.0 58310 1.0
1524 10598 2.0 10601 2.0 25346 1.0
1584 76797 1.0 76798 1.0
1588 
1593 
1598 8057 1.0 37836 1.0 76012 1.0 354633 1.0
1776 
1864 260 1.0 51946 4.0 82063 1.0 82064 3.0
1919 74686 1.0
2150 5268 2.0 11318 1.0 11319 1.0 16235 1.0 37836 1.0 356194 1.0
2171 
2176 260 1.0
2181 76798 1.0
2184 7280 2.0 36267 3.0 121300 1.0
2200 
2204 9496 1.0 9497 1.0 16235 2.0 35608 1.0
2246 2534 1.0
2300 
2455 16151 1.0 19220 1.0
2460 20638 2.0 34156 1.0
2482 91 2.0 2953 2.0 81558 1.0 123051 2.0
2494 39979 1.0
2517 
2534 2246 1.0 27243 1.0 118347 2.0
2558 
2580 
2582 206256 2.0
2587 8093 2.0 16235 1.0 29067 1.0 81561 1.0
2800 
2849 20675 1.0 20676 1.0 55883 5.0
2862 9116 1.0
2863 2867 1.0
2867 2863 1.0 35608 1.0
2953 2482 2.0
2955 
3010 3042 1.0
3042 3010 1.0
3127 249975 1.0
3161 3992 1.0 3993 1.0
3190 
3213 51548 1.0
3343 9100 2.0
3373 3375 5.0 3376 4.0 26952 1.0 27335 2.0
3375 3373 5.0 3376 2.0 27335 1.0
3376 3373 4.0 3375 2.0 26952 1.0 27335 2.0
3394 9419 1.0 30923 1.0 372871 1.0
3432 
3441 
3631 4447 1.0
3988 44170 9.0
3992 3161 1.0 3993 2.0 6984 1.0 7550 1.0 37235 2.0 53330 1.0 129931 1.0 227282 2.0
3993 3161 1.0 3992 2.0 129931 4.0
4221 121605 1.0 121606 1.0
4256 
4266 4516 2.0 36621 2.0
4274 955 7.0 7691 2.0 7692 2.0 9324 1.0 28571 1.0 98418 1.0
4291 
4447 3631 1.0
4467 51413 1.0
4473 4697 1.0 46100 1.0 58310 1.0 205662 1.0
4474 
4480 
4487 4489 3.0 147565 2.0 257328 2.0
4489 4487 3.0 18813 1.0 49482 2.0 73330 2.0 147565 1.0 257328 1.0
4499 83779 2.0 189848 1.0
4500 
4504 4505 7.0 121605 2.0 144313 2.0
4505 4504 7.0 8214 2.0 13747 3.0 13758 1.0 47991 2.0 121605 1.0
4516 4266 2.0 36621 2.0 156910 1.0
4529 4533 1.0 43712 1.0
4533 4529 1.0 8744 2.0 193068 1.0
4546 
4549 35709 1.0
4556 9419 1.0
4561 
4678 91 1.0
4697 1018 1.0 4473 1.0 46100 2.0 55793 1.0 58310 2.0 205662 1.0
4718 163845 3.0
4737 
4768 
4904 
4928 4929 1.0
4929 4928 1.0 4969 1.0 7981 1.0 99514 1.0
4969 4929 1.0 16223 1.0 16224 1.0
4997 4998 4.0 234599 1.0
4998 4997 4.0 234599 1.0
5003 11048 1.0
5119 5467 2.0
5150 
5159 
5207 79022 1.0
5250 
5268 2150 2.0 25891 1.0 51939 2.0 232500 2.0 356194 1.0 365788 1.0
5285 
5312 955 1.0 48029 1.0 52781 1.0 53867 1.0 88115 1.0 376855 1.0
5410 
5441 
5452 9497 1.0 23894 1.0 48299 1.0 223671 1.0
5467 5119 2.0 10102 1.0 12855 1.0
5517 69375 1.0
5709 
5815 227852 4.0
5834 56487 1.0 77559 1.0 155187 1.0
5910 91 1.0
5945 
6068 
6098 
6106 106073 1.0
6139 19084 1.0 19086 1.0 19088 3.0 19219 5.0 39374 1.0 73393 4.0 95793 1.0
6143 
6186 
6361 79885 1.0
6380 
6460 
6462 
6477 
6558 68180 1.0 430104 1.0
6582 7786 1.0 217206 2.0
6595 
6714 35939 1.0 140112 1.0
6756 
6805 27243 1.0 40284 3.0 40285 2.0 40518 3.0 40531 2.0 81629 1.0
6962 955 1.0 15223 1.0 27243 1.0 420272 1.0
6981 
6984 3992 1.0 107690 1.0 138778 1.0
7039 
7195 30923 4.0 121497 1.0 121605 2.0 189943 2.0 199699 1.0
7231 
7280 2184 2.0 36267 2.0 129673 1.0
7281 59206 1.0
7309 214439 4.0 288850 3.0
7337 
7501 
7550 3992 1.0 15223 2.0 16536 1.0 21191 1.0 27235 7.0 28570 6.0 28571 3.0 37298 1.0 41888 1.0 42157 1.0 48181 2.0 132887 1.0
7559 
7596 
7608 
7620 
7647 27235 1.0 48003 1.0
7691 4274 2.0 7692 2.0 28571 1.0
7692 4274 2.0 7691 2.0 28571 1.0
7757 94741 3.0
7766 109618 1.0
7781 
7786 6582 1.0 18634 1.0 49209 1.0 49210 1.0
7792 
7857 
7921 73032 1.0 86232 1.0
7926 24196 1.0
7974 
7981 4929 1.0 48499 3.0 99514 1.0
8057 1598 1.0 20566 2.0 95913 3.0
8093 2587 2.0
8129 223748 3.0 459063 1.0
8206 126356 1.0
8214 4505 2.0 13747 2.0 47991 4.0
8236 
8609 25891 2.0 104216 2.0
8744 4533 2.0 193068 1.0
8766 29067 1.0 107690 2.0 294172 1.0
8926 8928 3.0 68570 1.0
8927 39525 1.0
8928 8926 3.0 68570 1.0
9064 
9092 
9100 3343 2.0 9261 1.0 155792 1.0
9116 2862 1.0
9122 
9132 
9135 
9158 
9261 9100 1.0 9741 1.0 14804 2.0 155792 1.0
9280 
9324 4274 1.0 9375 1.0
9375 9324 1.0 25219 3.0 33923 5.0
9405 
9419 3394 1.0 4556 1.0 37451 2.0
9436 9437 1.0 14671 9.0 23451 2.0 66407 1.0
9437 9436 1.0 73734 3.0
9496 2204 1.0 9497 4.0 49489 1.0 52781 1.0
9497 2204 1.0 5452 1.0 9496 4.0 49489 1.0 186711 1.0 223671 1.0
9579 
9613 9645 2.0 48003 2.0 211088 2.0
9633 15875 1.0
9639 18400 1.0
9643 
9645 9613 2.0 211088 1.0
9662 33402 1.0
9701 128869 1.0
9709 39525 2.0
9711 
9715 
9741 9261 1.0
9757 
9769 33431 2.0 148434 2.0
9860 955 1.0 48095 1.0 59206 3.0
9872 121497 2.0
9877 
9950 216513 1.0
9960 28164 1.0 51647 2.0
9965 
9994 186895 2.0
10014 181 1.0
10100 
10102 5467 1.0 11714 1.0 40967 1.0 97521 1.0 128869 1.0 224325 2.0
10186 10233 1.0 12863 1.0
10196 
10223 
10233 10186 1.0 29099 1.0 32189 6.0 37688 2.0 38149 6.0 39708 1.0 39858 1.0 77559 1.0 146080 1.0
10235 38323 1.0
10259 15159 3.0 47696 1.0 60139 1.0
10285 
10303 
10327 39766 1.0 82044 1.0 267695 1.0
10357 10358 3.0 25572 1.0 27063 1.0
10358 10357 3.0 25572 1.0 27063 1.0
10450 
10545 
10562 
10563 93303 2.0
10598 1524 2.0 10601 4.0 28826 1.0 47543 1.0
10601 1524 2.0 10598 4.0 351271 1.0
10758 
11048 5003 1.0
11134 
11318 2150 1.0 11319 3.0 37836 2.0 39374 1.0 52781 1.0
11319 2150 1.0 11318 3.0 50809 1.0
11454 
11515 
11700 
11714 10102 1.0 109325 1.0
11717 216276 1.0 338299 2.0
12428 
12520 
12725 19761 1.0
12730 27235 1.0 29286 2.0 30342 4.0 30343 10.0 84916 1.0 153192 1.0 227852 3.0 295223 1.0
12855 5467 1.0 55793 1.0
12863 10186 1.0 748413 1.0
12887 51430 1.0 186833 1.0
12958 
12971 
13210 92637 1.0 275325 2.0 362408 1.0
13385 
13467 
13507 
13625 13626 1.0 21030 1.0 169384 1.0
13626 13625 1.0 65140 2.0 66729 1.0
13650 23451 1.0
13662 65140 2.0 169384 2.0
13747 4505 3.0 8214 2.0 13758 2.0 47991 2.0 73678 1.0
13758 4505 1.0 13747 2.0 48029 1.0 121605 2.0 121627 1.0
13880 
13908 
13942 145822 1.0
14217 189672 1.0
14223 91 4.0 73375 1.0
14264 
14301 
14302 
14327 14851 3.0 35127 2.0 362769 2.0
14474 224325 1.0 225285 1.0
14482 83124 2.0 195600 1.0
14508 14512 1.0
14512 14508 1.0
14650 14651 1.0 16223 1.0
14651 14650 1.0
14654 28185 1.0
14671 9436 9.0
14707 69343 2.0
14771 
14803 
14804 9261 2.0
14806 32177 2.0
14823 
14851 14327 3.0
14867 
14879 
14880 15948 1.0
14893 14894 1.0
14894 14893 1.0
15043 
15070 
15072 
15159 10259 3.0 47696 1.0
15193 
15223 6962 1.0 7550 2.0 21191 1.0 27235 5.0 37958 1.0
15423 33719 4.0
15559 95774 1.0
15586 15587 1.0
15587 15586 1.0
15875 9633 1.0 73005 2.0
15948 14880 1.0
15949 
15956 
15970 30381 1.0
16030 
16104 16105 1.0
16105 16104 1.0
16147 37235 1.0
16149 357109 1.0
16151 2455 1.0 48117 1.0
16222 16223 1.0
16223 955 1.0 4969 1.0 14650 1.0 16222 1.0 16224 1.0 66866 1.0 157378 3.0 214993 1.0
16224 4969 1.0 16223 1.0
16235 2150 1.0 2204 2.0 2587 1.0 42282 2.0
16280 
16282 
16283 16284 2.0
16284 16283 2.0
16401 
16457 37257 1.0
16536 7550 1.0 19086 1.0 27235 1.0 28571 1.0 57000 1.0 81558 1.0
16951 
17249 
17834 230942 1.0
17851 
17910 161808 1.0
17945 145900 2.0
18066 
18199 
18261 
18265 848 1.0
18400 9639 1.0 18401 2.0 18418 1.0
18401 18400 2.0
18418 18400 1.0 38397 1.0 204513 2.0 351271 1.0
18455 32183 1.0 32184 1.0
18619 
18634 7786 1.0
18675 
18731 
18809 
18813 4489 1.0 118336 1.0
18835 18849 1.0
18836 
18849 18835 1.0
18880 460550 1.0
18895 40173 1.0 84892 1.0
18923 
18959 
18971 
19084 6139 1.0 19086 1.0 19088 2.0 95793 1.0
19085 
19086 6139 1.0 16536 1.0 19084 1.0 19088 1.0 19219 1.0 28694 2.0 95793 1.0
19088 6139 3.0 19084 2.0 19086 1.0 19219 1.0 28694 1.0 49938 1.0 50809 1.0 56487 1.0 73393 2.0 95793 1.0
19132 
19195 28694 1.0
19209 19210 1.0
19210 19209 1.0
19219 6139 5.0 19086 1.0 19088 1.0 73393 2.0 235582 1.0
19220 2455 1.0
19223 30187 1.0 48835 1.0
19457 90457 1.0 197014 1.0
19534 
19761 12725 1.0
19921 
20450 
20566 8057 2.0
20602 95775 2.0
20638 2460 2.0 130432 2.0
20675 2849 1.0 20676 2.0 48525 1.0 55883 2.0 118429 1.0 195600 1.0
20676 2849 1.0 20675 2.0 118429 1.0
20703 92331 1.0
20789 74184 2.0
20793 20795 2.0
20795 20793 2.0
20797 
21003 
21030 13625 1.0 118347 1.0 169384 1.0
21136 
21159 21160 1.0
21160 21159 1.0
21191 7550 1.0 15223 1.0 48003 1.0 49665 1.0 87787 1.0 108565 1.0
21196 
21221 21222 3.0
21222 21221 3.0 40653 1.0 50531 1.0 253223 1.0
21318 21319 2.0
21319 21318 2.0
21429 31488 1.0
21497 
21519 41148 1.0 69343 2.0 192402 2.0
21746 21747 1.0
21747 21746 1.0
21958 
21962 30983 3.0 35939 1.0
22078 
22093 
22198 
22236 
22278 103064 1.0
22372 
22733 176933 2.0
22962 
22984 74801 1.0 84916 1.0
22990 
23088 87681 1.0 97637 1.0 199699 1.0
23203 
23335 
23345 
23451 9436 2.0 13650 1.0 37235 1.0
23774 
23894 5452 1.0
23896 
24072 102463 1.0
24079 
24196 7926 1.0
24281 
24315 24665 1.0
24316 24665 1.0
24404 24693 2.0
24479 
24550 
24602 93713 1.0
24665 24315 1.0 24316 1.0
24693 24404 2.0
24938 
25164 28571 1.0 41888 2.0
25183 205126 1.0 419526 1.0
25219 9375 3.0 33923 1.0
25265 
25291 35939 1.0
25294 
25329 102023 2.0
25346 1524 1.0 25891 1.0
25367 
25471 
25507 40284 1.0
25572 10357 1.0 10358 1.0
25711 
25834 69642 1.0
25890 
25891 87 2.0 5268 1.0 8609 2.0 25346 1.0 39766 1.0 51939 1.0
26092 155187 1.0 267695 1.0
26105 48181 1.0
26293 
26376 26377 2.0 538556 1.0
26377 26376 2.0
26475 85468 2.0
26731 
26821 52781 1.0
26830 27336 2.0
26838 
26877 
26952 3373 1.0 3376 1.0 27335 1.0
27063 10357 1.0 10358 1.0
27082 
27234 40606 1.0
27235 7550 7.0 7647 1.0 12730 1.0 15223 5.0 16536 1.0 28571 3.0 37896 1.0 48003 1.0 57000 1.0 57723 1.0 81558 1.0 522569 1.0
27243 955 1.0 2534 1.0 6805 1.0 6962 1.0 40518 1.0
27335 3373 2.0 3375 1.0 3376 2.0 26952 1.0 27336 1.0
27336 26830 2.0 27335 1.0
27390 
27640 
28161 191605 1.0
28163 28164 2.0
28164 9960 1.0 28163 2.0
28165 
28185 14654 1.0
28338 82672 1.0
28570 7550 6.0 28571 4.0 42157 5.0 183691 1.0
28571 4274 1.0 7550 3.0 7691 1.0 7692 1.0 16536 1.0 25164 1.0 27235 3.0 28570 4.0 41888 3.0 42038 2.0 57000 1.0 81558 1.0 147269 1.0 154996 2.0
28609 
28611 66509 4.0
28644 28668 4.0
28668 28644 4.0 30632 1.0
28677 30016 2.0 30017 17.0 40262 1.0 42520 3.0 48525 1.0 49938 1.0 74801 10.0 81919 10.0 147268 1.0 147269 1.0 158572 4.0
28694 19086 2.0 19088 1.0 19195 1.0
28826 10598 1.0
28840 
29067 2587 1.0 8766 1.0 37810 4.0 123663 1.0 155490 1.0 188266 4.0 265788 1.0
29099 10233 1.0 37688 1.0 39708 1.0 39858 1.0 77559 1.0 146080 2.0 226311 1.0
29237 
29286 12730 2.0 31259 1.0 227608 1.0 569537 1.0
29486 30883 1.0
29518 116305 1.0
29876 
30016 28677 2.0 30017 2.0
30017 28677 17.0 30016 2.0 42520 1.0 81919 3.0
30138 
30187 19223 1.0
30296 879 1.0
30342 12730 4.0 30343 5.0
30343 12730 10.0 30342 5.0
30381 15970 1.0 37896 1.0
30405 
30632 28668 1.0
30634 219103 1.0
30745 31488 2.0
30757 
30842 37810 1.0 188266 1.0
30843 
30883 29486 1.0
30923 3394 1.0 7195 4.0 121605 2.0 199699 1.0
30983 21962 3.0 53329 1.0
31036 
31259 29286 1.0 37235 1.0 227608 1.0
31488 21429 1.0 30745 2.0 32076 3.0 32353 1.0
31489 
31490 39374 1.0
31763 105056 1.0 129309 1.0
31942 
32076 31488 3.0 32353 5.0 60146 1.0 99976 3.0
32177 14806 2.0
32183 18455 1.0 32184 1.0
32184 18455 1.0 32183 1.0
32189 10233 6.0 38149 7.0 39659 1.0 105450 3.0
32327 
32353 31488 1.0 32076 5.0
32356 293582 1.0
32470 
32546 
32574 
32707 
32760 667 2.0 49665 1.0
32889 
32989 120567 1.0 134201 2.0 326999 1.0
33342 
33402 9662 1.0
33431 9769 2.0 148434 1.0
33442 
33452 74628 1.0
33508 
33719 15423 4.0
33828 
33895 38868 3.0 39525 2.0 70853 1.0 265022 1.0
33923 9375 5.0 25219 1.0
34156 2460 1.0 55016 1.0
34163 112120 1.0
34233 
34322 
34405 
34466 
34617 
34678 
35110 
35111 
35127 14327 2.0
35158 
35283 
35389 
35413 61696 1.0 135751 2.0
35429 
35444 
35478 
35608 2204 1.0 2867 1.0
35709 4549 1.0
35785 
35939 6714 1.0 21962 1.0 25291 1.0
36023 96734 3.0 176859 1.0 194277 3.0
36267 2184 3.0 7280 2.0 121300 1.0 129673 1.0
36621 4266 2.0 4516 2.0
36625 66405 2.0 105056 1.0
36641 
36689 
37044 121140 1.0
37171 
37234 
37235 667 1.0 3992 2.0 16147 1.0 23451 1.0 31259 1.0
37257 16457 1.0
37287 124943 1.0 356194 1.0
37291 
37298 7550 1.0
37380 
37381 
37418 
37419 
37451 9419 2.0
37558 80698 1.0
37561 
37682 49558 1.0 58674 1.0 79730 2.0 81700 1.0 270614 1.0
37688 87 1.0 10233 2.0 29099 1.0 77559 1.0 146080 9.0
37692 
37694 
37756 194485 1.0
37760 
37810 29067 4.0 30842 1.0 38149 1.0 155490 1.0 188266 6.0 195048 2.0 265788 1.0
37836 1598 1.0 2150 1.0 11318 2.0 39374 1.0 52781 4.0
37841 
37896 27235 1.0 30381 1.0 38025 1.0 51647 1.0 52781 2.0 168661 1.0
37918 123078 1.0
37958 15223 1.0
37990 
38025 37896 1.0
38053 
38149 87 2.0 10233 6.0 32189 7.0 37810 1.0 39659 9.0 97009 4.0
38323 10235 1.0
38397 18418 1.0
38531 
38607 
38705 
38868 33895 3.0 70853 1.0 161367 1.0
38904 
38978 
38996 
39074 
39142 
39339 
39374 6139 1.0 11318 1.0 31490 1.0 37836 1.0 41892 1.0 52781 1.0 94318 1.0 224918 1.0
39525 8927 1.0 9709 2.0 33895 2.0
39527 
39643 
39659 32189 1.0 38149 9.0
39708 10233 1.0 29099 1.0 39858 1.0 41950 1.0 146080 1.0
39746 
39765 39766 1.0
39766 10327 1.0 25891 1.0 39765 1.0 82044 1.0 267695 1.0
39858 10233 1.0 29099 1.0 39708 1.0 146080 1.0
39979 2494 1.0
40086 
40168 199912 1.0
40173 18895 1.0 68169 1.0
40191 266194 4.0
40262 28677 1.0 74801 1.0 98938 1.0
40284 6805 3.0 25507 1.0 40285 2.0
40285 6805 2.0 40284 2.0
40301 52161 1.0
40327 
40387 
40497 
40518 6805 3.0 27243 1.0
40531 6805 2.0
40597 
40606 27234 1.0 81701 1.0
40653 21222 1.0 40654 7.0 158541 1.0 253223 2.0
40654 40653 7.0 66504 2.0
40672 91 3.0 44479 1.0
40803 
40941 
40967 10102 1.0 97521 1.0 123663 1.0
41148 21519 1.0
41511 92637 1.0
41537 
41806 
41888 7550 1.0 25164 2.0 28571 3.0 147269 1.0 150077 1.0 154996 2.0 252958 1.0
41892 39374 1.0 155301 1.0 225527 1.0
41950 39708 1.0
42019 
42032 
42038 28571 2.0
42089 
42108 
42145 
42157 7550 1.0 28570 5.0 183691 1.0
42282 16235 2.0
42383 
42520 28677 3.0 30017 1.0 48525 1.0 74801 1.0 81645 2.0 81919 1.0 269771 2.0 269772 2.0
42728 
42875 
43466 
43517 
43670 
43712 4529 1.0
43831 
44170 3988 9.0
44272 
44301 
44326 57562 2.0 193478 1.0
44359 
44391 
44399 
44469 
44479 91 1.0 40672 1.0 937809 1.0
44563 
44573 44574 4.0 79707 2.0 79709 4.0
44574 44573 4.0 79707 2.0 79709 6.0
44576 
44664 
44712 
44783 
44961 
45182 
45437 
45468 
45512 121760 1.0
45514 48834 3.0 48835 1.0
45604 
45712 61824 1.0
45830 
46000 
46100 4473 1.0 4697 2.0 55793 1.0 58310 1.0 205662 1.0
46164 
46232 
46342 
47025 
47165 91 2.0
47543 10598 1.0
47606 
47696 10259 1.0 15159 1.0
47990 
47991 4505 2.0 8214 4.0 13747 2.0
48003 7647 1.0 9613 2.0 21191 1.0 27235 1.0
48029 955 3.0 5312 1.0 13758 1.0
48031 
48095 955 1.0 9860 1.0
48115 
48117 16151 1.0
48162 181 1.0 99197 1.0
48174 
48181 7550 2.0 26105 1.0 97637 1.0
48184 
48193 86655 2.0 86656 2.0 91478 2.0 94324 1.0
48299 5452 1.0 351896 1.0
48389 
48455 
48499 7981 3.0
48525 20675 1.0 28677 1.0 42520 1.0 55883 1.0
48730 
48740 
48834 45514 3.0 48835 8.0
48835 19223 1.0 45514 1.0 48834 8.0
49209 7786 1.0 49210 1.0
49210 7786 1.0 49209 1.0
49319 
49322 83124 2.0 109009 1.0 118347 1.0 195600 1.0
49482 4489 2.0 73330 2.0
49489 9496 1.0 9497 1.0
49558 37682 1.0 58674 1.0 81700 1.0
49665 21191 1.0 32760 1.0
49718 297176 2.0
49938 19088 1.0 28677 1.0
50052 
50277 
50285 81372 2.0
50346 
50383 122107 1.0
50531 21222 1.0
50654 
50703 
50704 
50705 117598 13.0
50733 
50809 11319 1.0 19088 1.0
50834 
50875 
50906 
51413 4467 1.0
51430 12887 1.0
51451 
51548 3213 1.0
51559 
51561 
51647 9960 2.0 37896 1.0
51729 175998 1.0
51939 5268 2.0 25891 1.0
51946 260 1.0 1864 4.0
52161 40301 1.0 79914 2.0 189748 2.0
52321 
52356 
52654 52655 2.0
52655 52654 2.0
52700 
52711 
52722 83828 1.0
52725 
52781 5312 1.0 9496 1.0 11318 1.0 26821 1.0 37836 4.0 37896 2.0 39374 1.0 376855 1.0
53329 30983 1.0 53330 1.0 81532 1.0 88817 1.0
53330 3992 1.0 53329 1.0
53655 
53665 
53824 
53867 5312 1.0 105987 2.0 174505 2.0
53885 65362 1.0
53923 
53984 
53995 
54176 54202 2.0 63701 1.0
54202 54176 2.0 63701 1.0
54323 458622 1.0
54365 228320 2.0
54412 
54489 
54548 54549 1.0
54549 54548 1.0
54642 54645 1.0
54644 54645 3.0
54645 54642 1.0 54644 3.0
54786 
54811 
55016 34156 1.0
55333 
55418 
55447 59206 1.0
55494 69343 1.0 273008 1.0
55502 
55598 
55673 
55776 
55793 4697 1.0 12855 1.0 46100 1.0
55794 61824 1.0
55883 2849 5.0 20675 2.0 48525 1.0
56392 
56426 218178 1.0
56487 5834 1.0 19088 1.0 155187 1.0
56513 92876 1.0 265022 1.0
56718 215040 1.0
56836 
57000 16536 1.0 27235 1.0 28571 1.0 81558 2.0
57504 
57562 44326 2.0 193478 1.0
57723 27235 1.0 522569 2.0
57957 
58310 1018 1.0 4473 1.0 4697 2.0 46100 1.0 205662 1.0
58512 
58674 37682 1.0 49558 1.0 81700 1.0
58733 
58999 
59030 
59046 
59091 
59206 7281 1.0 9860 3.0 55447 1.0
59234 
59506 120980 1.0
59977 97536 1.0 144473 1.0 167514 1.0
60089 
60139 10259 1.0
60146 32076 1.0
60207 110979 1.0
60273 60274 1.0 80571 1.0
60274 60273 1.0 122961 1.0
60616 
60704 
60706 
60945 
60980 228352 1.0
61150 112085 4.0
61343 
61498 66535 1.0 112120 1.0
61696 35413 1.0 125197 2.0
61824 45712 1.0 55794 1.0
61825 61827 2.0 163379 1.0
61827 61825 2.0 147454 1.0
62563 
62593 
62618 
62665 
62775 164389 1.0
62928 
63265 
63412 
63643 879 1.0
63690 
63697 66534 5.0 66535 4.0
63701 54176 1.0 54202 1.0 138778 2.0
63717 759 1.0 82045 1.0
64433 
64641 
64674 
64862 
64894 
65015 
65060 65061 1.0
65061 65060 1.0
65140 13626 2.0 13662 2.0 66729 1.0 169384 2.0
65242 
65362 53885 1.0
65543 87046 1.0
65566 65568 2.0
65567 65568 1.0 192348 1.0
65568 65566 2.0 65567 1.0
65767 
66342 
66405 36625 2.0 105056 1.0
66407 9436 1.0
66504 40654 2.0
66509 28611 4.0
66534 63697 5.0 66535 4.0
66535 61498 1.0 63697 4.0 66534 4.0
66635 
66729 13626 1.0 65140 1.0
66866 955 1.0 16223 1.0 214993 1.0
66950 
67054 
67680 
67798 121140 8.0 221822 5.0
67963 791 2.0 81944 1.0
68042 
68083 
68169 40173 1.0
68180 6558 1.0 430104 1.0
68265 
68570 8926 1.0 8928 1.0
68840 
68901 
69209 
69248 
69249 
69339 69342 1.0
69341 69342 1.0 93783 1.0
69342 69339 1.0 69341 1.0 93783 1.0
69343 14707 2.0 21519 2.0 55494 1.0 192402 2.0 273008 1.0
69375 5517 1.0
69538 
69642 25834 1.0
69781 
69944 
69959 69960 5.0
69960 69959 5.0
69961 227896 1.0
70093 
70549 
70853 33895 1.0 38868 1.0
70901 
70946 
71260 
71371 
71633 
71656 
72020 
72271 
72278 
72620 
72685 223298 1.0
73005 15875 2.0
73031 73032 1.0
73032 7921 1.0 73031 1.0
73176 
73330 4489 2.0 49482 2.0
73375 91 1.0 14223 1.0
73393 6139 4.0 19088 2.0 19219 2.0
73395 
73427 
73471 
73635 201015 1.0
73678 13747 1.0
73688 
73734 9437 3.0
73996 
74021 
74184 20789 2.0
74207 
74220 955 1.0
74377 
74599 
74628 33452 1.0
74686 1919 1.0 79725 2.0
74801 22984 1.0 28677 10.0 40262 1.0 42520 1.0 81919 2.0 158572 1.0
74839 212101 1.0
75277 
75369 
75387 
75393 
75937 
76000 
76012 1598 1.0 76258 1.0
76211 
76258 76012 1.0
76627 
76711 
76756 
76797 1584 1.0 76798 1.0
76798 1584 1.0 2181 1.0 76797 1.0
77128 
77559 5834 1.0 10233 1.0 29099 1.0 37688 1.0
77961 
78144 
78436 
78675 
78726 
78806 
79022 5207 1.0
79345 91 1.0
79643 
79707 44573 2.0 44574 2.0 79709 2.0
79709 44573 4.0 44574 6.0 79707 2.0
79725 74686 2.0
79730 37682 2.0 219898 5.0
79821 107856 6.0 109499 2.0
79837 
79885 6361 1.0 219675 2.0 374781 1.0
79914 52161 2.0 157397 1.0 189748 2.0
80050 
80227 
80385 
80402 
80550 
80571 60273 1.0
80572 
80698 37558 1.0
80735 
80749 
81035 
81300 
81372 50285 2.0
81532 53329 1.0 88817 2.0 211088 2.0
81558 2482 1.0 16536 1.0 27235 1.0 28571 1.0 57000 2.0
81561 2587 1.0
81597 230942 1.0
81629 6805 1.0 102023 2.0 138778 3.0 156049 1.0 576643 2.0
81630 
81645 42520 2.0 269771 2.0 269772 2.0
81700 37682 1.0 49558 1.0 58674 1.0
81701 40606 1.0
81919 28677 10.0 30017 3.0 42520 1.0 74801 2.0
81944 791 3.0 67963 1.0
81989 
82044 10327 1.0 39766 1.0 267695 1.0
82045 63717 1.0
82063 1864 1.0 82064 2.0
82064 1864 3.0 82063 2.0
82118 
82349 
82403 791 1.0
82432 
82466 135226 4.0
82530 
82672 28338 1.0
82885 103622 1.0
83124 14482 2.0 49322 2.0 109009 2.0 118347 1.0 195600 3.0
83229 
83493 
83779 4499 2.0
83828 52722 1.0 205474 2.0
84892 18895 1.0
84916 12730 1.0 22984 1.0 183967 2.0 224918 1.0 295223 1.0
84966 84967 1.0
84967 84966 1.0
85032 85033 1.0
85033 85032 1.0
85341 
85468 26475 2.0
85573 91 1.0
85663 
86070 
86107 
86232 7921 1.0
86296 
86519 
86655 48193 2.0 86656 8.0 91478 2.0
86656 48193 2.0 86655 8.0 91478 2.0
86946 
87046 65543 1.0
87244 143579 2.0
87312 
87610 530409 1.0
87679 87681 1.0 87682 1.0
87681 23088 1.0 87679 1.0 87682 1.0 92388 5.0 119272 5.0 274001 10.0
87682 87679 1.0 87681 1.0
87787 21191 1.0 184670 2.0
88115 5312 1.0
88339 
88713 
88817 53329 1.0 81532 2.0
88872 
88939 
89031 
89604 
89632 
89942 176859 6.0
90032 
90457 19457 1.0 197014 1.0
90808 
90809 
91021 
91032 
91240 
91478 48193 2.0 86655 2.0 86656 2.0
91654 
91728 
91850 
91917 
92331 20703 1.0
92341 
92388 87681 5.0 119272 5.0 200056 12.0 274001 5.0
92409 
92593 
92594 
92637 13210 1.0 41511 1.0 275325 1.0 362408 1.0
92657 
92866 
92876 56513 1.0 265022 1.0
93092 
93159 100 1.0
93303 10563 2.0
93604 
93713 24602 1.0
93783 69341 1.0 69342 1.0 93866 1.0
93854 
93866 93783 1.0
94100 
94174 
94318 39374 1.0
94324 48193 1.0 128753 1.0
94741 7757 3.0
95265 96493 3.0 223671 1.0 223920 4.0
95752 
95774 15559 1.0
95775 20602 2.0
95793 791 1.0 6139 1.0 19084 1.0 19086 1.0 19088 1.0 198676 1.0 211088 2.0
95868 
95913 8057 3.0 95966 1.0
95966 95913 1.0
96098 
96493 95265 3.0
96577 
96734 36023 3.0 176859 1.0 194277 3.0
97007 
97009 38149 4.0
97133 
97521 10102 1.0 40967 1.0
97536 59977 1.0 144473 1.0 167514 1.0
97637 23088 1.0 48181 1.0
98376 
98418 4274 1.0
98597 
98866 
98938 40262 1.0
99032 
99140 
99197 181 1.0 48162 1.0
99448 
99514 4929 1.0 7981 1.0
99694 
99924 
99976 32076 3.0
100037 
100097 
100319 
100341 
100442 
100676 
101195 
101642 
102023 25329 2.0 81629 2.0
102207 
102463 24072 1.0
102526 
102578 186895 1.0
102796 
102832 
102910 
103029 
103064 22278 1.0
103079 
103111 
103545 
103622 82885 1.0
103706 
103744 
103758 
104216 8609 2.0
104350 
104738 
104771 
104848 156051 1.0
105056 31763 1.0 36625 1.0 66405 1.0 129309 3.0
105107 105166 1.0
105166 105107 1.0
105168 
105354 
105396 
105450 32189 3.0
105577 
105987 53867 2.0
106073 6106 1.0
106188 
106226 228352 1.0
106679 
107231 
107238 
107304 
107557 
107690 6984 1.0 8766 2.0
107748 
107856 79821 6.0 109499 1.0
107915 
107922 
107930 
108304 
108565 21191 1.0
108758 
108760 
108792 
109009 49322 1.0 83124 2.0 195600 1.0
109325 11714 1.0
109447 
109499 79821 2.0 107856 1.0
109570 
109618 7766 1.0 181577 1.0
109730 
109785 
110436 
110705 
110979 60207 1.0 141534 1.0
111273 
111894 
112085 61150 4.0
112120 34163 1.0 61498 1.0
112156 
112209 211718 1.0
112210 
112244 
112472 
113353 
113509 
113723 
114022 
114213 
114684 
114924 
115416 
115698 
115905 
116305 29518 1.0
116683 
117598 50705 13.0 222170 1.0 222171 1.0
117923 
118336 18813 1.0
118347 2534 2.0 21030 1.0 49322 1.0 83124 1.0
118429 20675 1.0 20676 1.0
119272 87681 5.0 92388 5.0 274001 5.0
119406 
119887 
120240 
120567 32989 1.0 134201 1.0 211251 1.0
120603 879 1.0
120980 59506 1.0
121140 37044 1.0 67798 8.0 221822 3.0
121300 2184 1.0 36267 1.0
121364 
121497 7195 1.0 9872 2.0 189943 1.0
121566 
121584 
121605 4221 1.0 4504 2.0 4505 1.0 7195 2.0 13758 2.0 30923 2.0 121606 1.0
121606 4221 1.0 121605 1.0
121627 13758 1.0
121760 45512 1.0
122107 50383 1.0
122649 
122799 175839 1.0
122961 60274 1.0
123011 
123051 955 1.0 2482 2.0
123078 37918 1.0
123663 29067 1.0 40967 1.0
123810 
124215 181646 1.0
124943 37287 1.0 188414 3.0
125197 61696 2.0
126352 168709 1.0 198890 1.0 198891 2.0
126356 8206 1.0
126811 
128296 
128302 
128334 
128391 
128753 94324 1.0
128869 9701 1.0 10102 1.0 224325 1.0
128885 
129309 31763 1.0 105056 3.0
129403 
129673 7280 1.0 36267 1.0
129690 
129832 
129931 3992 1.0 3993 4.0
129978 
130432 20638 2.0
130573 
130808 
131373 143763 1.0
131591 
131851 
132213 
132415 272221 1.0
132568 
132819 132821 1.0
132821 132819 1.0
132887 7550 1.0 216276 3.0 338299 3.0
132927 
133294 
133331 
134201 32989 2.0 120567 1.0 211251 1.0 326999 1.0
134235 
134985 
135162 
135191 
135226 82466 4.0
135751 35413 2.0
135794 
136176 
136207 
137348 
137428 
138772 
138778 6984 1.0 63701 2.0 81629 3.0 390294 2.0
140112 6714 1.0
140992 193925 1.0
141300 
141519 
141534 110979 1.0
141715 
141830 
142372 
143008 205126 1.0
143275 
143300 
143310 
143425 143427 5.0
143427 143425 5.0
143579 87244 2.0
143674 
143763 131373 1.0
143891 
144313 4504 2.0 188900 1.0
144473 59977 1.0 97536 1.0 167514 1.0
144562 
144579 
144716 
144958 144959 2.0
144959 144958 2.0
145106 
145574 
145822 13942 1.0
145900 17945 2.0
146080 10233 1.0 29099 2.0 37688 9.0 39708 1.0 39858 1.0
146659 
146816 
146945 
146946 
147096 
147268 28677 1.0 147269 2.0 372871 1.0
147269 28571 1.0 28677 1.0 41888 1.0 147268 2.0 154996 1.0 372871 1.0
147346 
147347 
147454 61827 1.0
147565 4487 2.0 4489 1.0
148434 9769 2.0 33431 1.0
148757 
148840 250270 1.0
148848 
148852 
149348 
149448 
149473 
149552 
149820 
149827 161333 1.0
150077 41888 1.0 252958 1.0
150377 
150711 
151326 
151865 
152136 
152350 
152862 
153192 12730 1.0 219116 1.0
153868 
154996 28571 2.0 41888 2.0 147269 1.0
155187 5834 1.0 26092 1.0 56487 1.0
155301 41892 1.0
155490 29067 1.0 37810 1.0 188266 1.0
155792 9100 1.0 9261 1.0
156049 81629 1.0
156051 104848 1.0
156335 
156720 
156859 194730 1.0
156910 4516 1.0 387078 1.0
157193 
157378 16223 3.0
157397 79914 1.0
157417 
157787 
157907 
157968 
158016 
158361 158362 4.0 421339 2.0
158362 158361 4.0 421339 1.0
158541 40653 1.0
158572 28677 4.0 74801 1.0
158738 349167 2.0
159358 
159383 
159450 
159484 
159775 91 1.0
160006 
160164 
160556 
160560 
160926 
160955 
161333 149827 1.0
161367 38868 1.0
161808 848 1.0 17910 1.0
162078 
162204 
162703 
162824 
163108 
163355 
163379 61825 1.0
163405 
163845 4718 3.0
163867 
164389 62775 1.0
165010 
165333 
165598 
165710 
165714 
165716 
166063 
166733 
166767 
167004 
167259 
167514 59977 1.0 97536 1.0 144473 1.0
167924 
168036 168037 4.0
168037 168036 4.0
168661 37896 1.0
168709 126352 1.0 198890 1.0 198891 1.0
168955 
169384 13625 1.0 13662 2.0 21030 1.0 65140 2.0
169540 
170380 
170402 
170993 301113 1.0 321302 4.0
172390 
172578 
172910 
173389 
173390 
173556 
173603 
174230 
174410 
174456 
174505 53867 2.0
174694 
175675 
175754 
175839 122799 1.0
175998 51729 1.0
176859 36023 1.0 89942 6.0 96734 1.0 194277 1.0
176933 22733 2.0
177300 
177369 
177680 
178233 
179016 
179078 
179741 
180680 
181166 
181577 109618 1.0
181646 124215 1.0
182283 
182284 
182857 
183372 
183691 28570 1.0 42157 1.0
183967 84916 2.0
184057 
184090 
184095 
184414 
184422 
184668 184670 1.0
184670 87787 2.0 184668 1.0
185744 
186695 375162 1.0
186711 9497 1.0
186833 12887 1.0
186895 9994 2.0 102578 1.0
187141 
187585 224325 1.0
188266 29067 4.0 30842 1.0 37810 6.0 155490 1.0 265788 1.0
188414 124943 3.0
188770 198115 2.0 198117 2.0
188900 144313 1.0
189113 
189672 14217 1.0
189748 52161 2.0 79914 2.0
189763 
189848 4499 1.0
189902 
189943 7195 2.0 121497 1.0
191491 
191596 
191605 28161 1.0
192225 
192348 65567 1.0
192402 21519 2.0 69343 2.0
193068 989 1.0 4533 1.0 8744 1.0
193478 44326 1.0 57562 1.0
193925 140992 1.0
194137 
194277 36023 3.0 96734 3.0 176859 1.0
194485 37756 1.0
194730 156859 1.0
195048 37810 2.0
195600 14482 1.0 20675 1.0 49322 1.0 83124 3.0 109009 1.0
196174 
197014 19457 1.0 90457 1.0
197442 
197530 
197567 
198115 188770 2.0 198117 5.0
198117 188770 2.0 198115 5.0
198142 
198368 
198385 
198518 343567 1.0
198534 
198676 95793 1.0
198889 198890 2.0 198891 2.0 513855 3.0
198890 126352 1.0 168709 1.0 198889 2.0 198891 3.0 513855 1.0
198891 126352 2.0 168709 1.0 198889 2.0 198890 3.0 513855 1.0
199699 7195 1.0 23088 1.0 30923 1.0
199706 270943 1.0
199912 40168 1.0
199933 
200056 92388 12.0
200444 
201015 73635 1.0
201235 
203074 
203402 
203539 
203650 
203846 
204132 
204513 18418 2.0
205126 25183 1.0 143008 1.0 419526 1.0
205474 83828 2.0
205481 
205662 4473 1.0 4697 1.0 46100 1.0 58310 1.0
205709 
206235 
206256 2582 2.0
206756 
207034 
207911 251871 2.0
208408 
210809 210810 3.0 331254 1.0
210810 210809 3.0 225527 1.0 331254 1.0
211088 9613 2.0 9645 1.0 81532 2.0 95793 2.0
211251 120567 1.0 134201 1.0
211718 112209 1.0
212101 74839 1.0
212842 212843 1.0
212843 212842 1.0
214439 7309 4.0 288850 5.0
214993 955 3.0 16223 1.0 66866 1.0
215040 56718 1.0
215702 
216276 11717 1.0 132887 3.0 338299 4.0
216513 9950 1.0
217206 6582 2.0
217648 
218178 56426 1.0
219103 30634 1.0
219116 153192 1.0
219675 79885 2.0 374781 1.0
219898 79730 5.0
220371 749 1.0
221822 67798 5.0 121140 3.0
221928 
221943 
222170 117598 1.0 222171 6.0 224908 3.0 880527 1.0 880528 1.0
222171 117598 1.0 222170 6.0 224908 4.0 880527 1.0 880528 3.0
222565 
223298 72685 1.0
223671 5452 1.0 9497 1.0 95265 1.0
223748 8129 3.0 459063 1.0
223920 95265 4.0
223954 
224325 10102 2.0 14474 1.0 128869 1.0 187585 1.0 225285 2.0
224908 222170 3.0 222171 4.0
224918 39374 1.0 84916 1.0
225257 
225276 
225285 14474 1.0 224325 2.0
225527 41892 1.0 210810 1.0
226311 29099 1.0
227282 3992 2.0
227518 
227608 29286 1.0 31259 1.0
227741 
227852 5815 4.0 12730 3.0
227896 69961 1.0
228320 54365 2.0
228352 60980 1.0 106226 1.0
228589 
230942 17834 1.0 81597 1.0
231966 
232199 
232500 5268 2.0
233577 
234599 4997 1.0 4998 1.0
234911 
235113 
235562 326929 1.0
235582 19219 1.0
236785 
238082 
239761 
240140 
241600 
242118 
242273 
242683 
244617 
244728 
244830 
245301 
245385 
245789 
246714 
249670 
249975 3127 1.0
250270 148840 1.0
250607 
250850 
251736 
251761 
251871 207911 2.0
252348 
252958 41888 1.0 150077 1.0
253161 
253223 21222 1.0 40653 2.0
253958 
255824 
256190 
256450 
257328 4487 2.0 4489 1.0
259751 181 1.0
261409 
261883 
262289 
262776 
262826 
262886 
264470 
264795 
265022 33895 1.0 56513 1.0 92876 1.0
265788 29067 1.0 37810 1.0 188266 1.0
265808 
266194 40191 4.0
266853 
267695 749 1.0 10327 1.0 26092 1.0 39766 1.0 82044 1.0
268928 
269660 269661 1.0
269661 269660 1.0
269727 
269771 42520 2.0 81645 2.0 269772 2.0
269772 42520 2.0 81645 2.0 269771 2.0
270523 
270594 
270597 
270614 37682 1.0
270943 199706 1.0
271378 
272171 
272212 
272221 132415 1.0 360256 1.0
272238 
272270 
272356 
272693 
273008 55494 1.0 69343 1.0
273432 
274001 87681 10.0 92388 5.0 119272 5.0
275259 
275325 13210 2.0 92637 1.0 362408 1.0
277275 
277315 
277535 
278606 
278713 
280140 
283877 
284394 
288850 7309 3.0 214439 5.0
289448 
289946 
290102 
290323 
290843 
291060 
291232 
293255 
293582 32356 1.0
293974 
294172 8766 1.0
294219 
294286 
294814 
295133 
295223 12730 1.0 84916 1.0
296416 
296619 
297176 49718 2.0
297867 
300850 
301052 
301082 
301113 170993 1.0 321302 1.0
301816 
302469 
303166 
303712 
304329 
304807 
305557 
306762 
306832 100 2.0
309444 
312603 
313057 
313393 
313431 
315891 
316572 
317305 
318007 
319455 
321302 170993 4.0 301113 1.0
322126 
324571 
325273 
325280 
326505 
326929 235562 1.0
326999 32989 1.0 134201 1.0
327030 
327088 
328734 
329507 
330845 
331254 210809 1.0 210810 1.0 347234 4.0
335103 
336857 
338066 
338299 11717 2.0 132887 3.0 216276 4.0
343567 198518 1.0
343884 
343919 
344578 
344595 
344842 
346050 
347014 
347234 331254 4.0
347490 
348174 
349167 158738 2.0
350603 
351271 10601 1.0 18418 1.0
351515 
351883 
351896 48299 1.0
354517 
354633 1598 1.0
356194 2150 1.0 5268 1.0 37287 1.0
356291 
356325 
357109 16149 1.0
357149 
357722 
358319 
358398 
358752 
359655 
360256 272221 1.0
362311 
362408 13210 1.0 92637 1.0 275325 1.0
362769 14327 2.0
363343 
363910 
365406 
365700 
365788 5268 1.0
366065 
367123 
367799 
368615 
370657 
371141 
371218 
372871 3394 1.0 147268 1.0 147269 1.0
374781 79885 1.0 219675 1.0
375162 186695 1.0
375885 
376061 
376463 
376824 
376855 5312 1.0 52781 1.0
377548 
378093 
378988 
382209 
382235 
382546 
383463 
383982 
386135 
386152 
386443 
386528 
387078 156910 1.0
387948 
389656 
389674 
390294 138778 2.0
390353 
390625 
391134 
391389 
391523 
391622 
392855 
394675 
400266 
401061 
401561 
402282 
402430 
403903 
408084 748413 1.0
413250 
414632 
416517 
417896 
419316 
419526 25183 1.0 205126 1.0
420272 6962 1.0
421339 158361 2.0 158362 1.0
423336 
423610 
426073 
426375 
426881 
426996 
428064 
429894 
430104 6558 1.0 68180 1.0
431049 
433623 
435131 
436421 
439174 
440170 
445047 
445293 
445880 
446030 
446031 
449548 
450328 
451675 
456291 
457361 
457981 
458437 
458622 54323 1.0
459063 8129 1.0 223748 1.0
460550 18880 1.0
464535 
466526 
466540 
466652 
468508 
470913 
478469 
487012 
488489 
490741 
490813 
491003 
491504 
493850 
495491 
496813 
504963 
507201 
507832 
508057 
511540 
513679 
513773 
513855 198889 3.0 198890 1.0 198891 1.0
514517 
515313 
517210 
517972 
520285 
522569 27235 1.0 57723 2.0
522830 
522832 
523624 
524474 
530409 87610 1.0
531227 
535549 
535580 
535581 
535594 
537987 
538556 26376 1.0
540484 
540949 
541943 
542893 
543758 
548368 
552554 
554287 
555531 
557511 
558464 
558503 
559417 
562316 
564213 
564486 
569537 29286 1.0
569727 
573761 
575676 
576643 81629 2.0
576869 
578403 
578835 
583800 
585332 
588828 
588975 
590963 
591856 
593661 
596265 
601241 
608480 
609701 
610612 
614342 
616543 
618340 618342 2.0
618342 618340 2.0
622034 
633992 
635532 
640593 
640906 
647982 
650640 
655198 
657425 
663289 
665601 
671639 
675209 
678189 
730481 
733030 
734253 
744305 
748413 12863 1.0 408084 1.0
748906 
770784 
789629 
794766 
796010 
826422 
843250 
875538 
880527 222170 1.0 222171 1.0 880528 1.0
880528 222170 1.0 222171 3.0 880527 1.0
880870 
914564 
937809 44479 1.0
941650 
958935 
1238998 
1263986 
1434303 
1684818 
1947141 
