87 25891 3.0 32760 1.0 48029 1.0 58674 1.0 79730 1.0 81989 1.0
91 2482 2.0 5910 3.0 35111 1.0 40672 4.0 44479 1.0 44563 1.0 47165 3.0 48181 2.0 48193 1.0 50383 1.0 165598 1.0 224918 1.0 368615 1.0
100 306832 1.0
103 
181 18836 1.0 20703 1.0 48162 1.0 65242 1.0 99197 1.0 152350 1.0
259 
260 
457 
656 
667 242683 1.0
749 6106 1.0 9436 1.0
759 163108 2.0
791 81944 1.0
807 808 1.0 11515 1.0
808 807 1.0 11515 1.0
848 12887 1.0
879 120603 4.0
953 
955 2482 1.0 4274 5.0 5312 1.0 6962 1.0 9860 3.0 16223 2.0 48029 2.0 48095 2.0 65362 1.0 68169 1.0 87681 1.0 214993 1.0
977 60274 1.0
989 
1018 
1524 25346 5.0 73678 1.0 267695 2.0
1584 
1588 
1593 
1598 
1776 75277 1.0
1864 51946 3.0
1919 10196 1.0
2150 2460 2.0 12971 1.0 48389 1.0
2171 2534 1.0 35608 2.0
2176 
2181 
2184 
2200 
2204 9497 1.0 16235 1.0 18959 1.0 35608 1.0
2246 2534 1.0
2300 
2455 186833 1.0
2460 2150 2.0 2534 1.0
2482 91 2.0 955 1.0 2953 1.0 57000 1.0 121606 1.0 123051 1.0
2494 8129 2.0 39374 1.0
2517 38607 1.0
2534 2171 1.0 2246 1.0 2460 1.0 21030 2.0 118347 2.0 189113 1.0
2558 
2580 2582 1.0
2582 2580 1.0 130432 1.0
2587 29067 1.0
2800 35709 2.0 305557 2.0
2849 55883 3.0
2862 
2863 
2867 53665 1.0
2953 2482 1.0
2955 
3010 3042 2.0 19132 1.0 109447 1.0 168036 1.0 168037 1.0
3042 3010 2.0 109447 1.0 168036 1.0 168037 1.0
3127 249975 1.0
3161 
3190 123011 1.0 128391 1.0
3213 
3343 61824 1.0
3373 3375 1.0 82672 1.0
3375 3373 1.0
3376 168955 1.0
3394 9419 1.0 32189 1.0 79345 2.0
3432 47543 1.0
3441 40173 2.0 40262 1.0
3631 
3988 44170 5.0 45182 2.0
3992 3993 1.0 19220 1.0 144959 1.0 227282 3.0
3993 3992 1.0 129931 1.0
4221 5250 1.0 325280 1.0
4256 4504 1.0 54323 1.0
4266 4516 2.0 36621 1.0
4274 955 5.0 6139 1.0 7691 7.0 7692 7.0 19219 1.0
4291 
4447 
4467 51413 1.0
4473 46100 1.0
4474 5945 1.0
4480 4904 1.0
4487 4489 3.0 257328 2.0
4489 4487 3.0 257328 2.0
4499 83779 1.0
4500 
4504 4256 1.0 144313 1.0
4505 9860 1.0 10100 1.0 73678 1.0 121606 1.0
4516 4266 2.0 36621 2.0
4529 
4533 7231 1.0
4546 19921 1.0 151865 1.0
4549 35709 4.0 121566 1.0
4556 
4561 172578 1.0
4678 
4697 4904 2.0 46100 1.0 51413 1.0
4718 45712 1.0 163845 2.0
4737 22984 2.0
4768 
4904 4480 1.0 4697 2.0 5945 1.0 46100 1.0 51413 1.0 193478 1.0
4928 4929 1.0
4929 4928 1.0 4969 3.0
4969 4929 3.0 7620 1.0
4997 4998 3.0 234599 1.0
4998 4997 3.0 234599 1.0
5003 63690 2.0
5119 
5150 
5159 
5207 
5250 4221 1.0 325280 1.0
5268 18400 2.0 81989 1.0
5285 
5312 955 1.0 155301 1.0 169540 1.0
5410 
5441 
5452 23894 1.0 67798 1.0 221822 1.0
5467 
5517 69375 2.0
5709 
5815 227852 1.0
5834 56487 1.0 155187 1.0
5910 91 3.0
5945 4474 1.0 4904 1.0 9100 1.0 193478 1.0 296416 1.0
6068 
6098 
6106 749 1.0 22236 2.0
6139 4274 1.0 7691 1.0 7692 1.0 19219 2.0 39374 1.0 73393 1.0
6143 
6186 
6361 
6380 
6460 
6462 
6477 23896 1.0 66535 2.0
6558 
6582 
6595 21030 1.0
6714 25291 1.0 145106 1.0
6756 37896 1.0
6805 27243 1.0 40284 1.0 40531 1.0
6962 955 1.0 7647 2.0
6981 
6984 
7039 
7195 49558 2.0 189943 1.0
7231 4533 1.0
7280 34678 1.0 36267 4.0 129673 1.0
7281 9132 2.0 97007 1.0
7309 214439 2.0
7337 94100 1.0
7501 140992 1.0
7550 25294 2.0 27235 3.0 28570 3.0 28571 1.0 42157 4.0 183691 3.0
7559 100442 1.0
7596 
7608 
7620 4969 1.0
7647 6962 2.0 48003 1.0 107930 1.0
7691 4274 7.0 6139 1.0 7692 7.0 19219 1.0
7692 4274 7.0 6139 1.0 7691 7.0 19219 1.0
7757 
7766 
7781 48115 1.0 66866 1.0
7786 
7792 165010 1.0
7857 
7921 
7926 
7974 357149 1.0
7981 48499 1.0
8057 25291 1.0 37044 1.0
8093 
8129 2494 2.0
8206 
8214 9860 1.0 13747 1.0 47991 1.0 121606 1.0
8236 
8609 104216 1.0 347490 3.0
8744 
8766 107690 1.0
8926 8928 3.0
8927 
8928 8926 3.0
9064 
9092 
9100 5945 1.0 84966 4.0 84967 1.0 296416 1.0
9116 
9122 
9132 7281 2.0 102796 1.0
9135 
9158 
9261 14806 1.0
9280 
9324 9375 1.0 59030 3.0
9375 9324 1.0
9405 9757 1.0
9419 3394 1.0 37451 2.0
9436 749 1.0 14671 4.0 23451 1.0
9437 73734 3.0
9496 9497 2.0 52781 1.0
9497 2204 1.0 9496 2.0 18400 1.0 23894 1.0 156859 1.0
9579 
9613 9645 2.0 48003 1.0 211088 1.0
9633 59234 1.0
9639 18400 1.0
9643 
9645 9613 2.0 211088 1.0
9662 
9701 
9709 
9711 
9715 
9741 
9757 9405 1.0
9769 33431 2.0 148434 1.0
9860 955 3.0 4505 1.0 8214 1.0 10100 4.0 13747 1.0 47991 1.0 48095 2.0 59206 1.0 121606 2.0
9872 121497 4.0
9877 82885 2.0
9950 
9960 37235 2.0 51647 3.0
9965 
9994 33342 2.0 33452 2.0 186895 1.0
10014 18971 1.0 137348 1.0
10100 4505 1.0 9860 4.0 121606 1.0
10102 53329 1.0 88817 1.0
10186 10598 1.0 28826 1.0 39979 1.0 49665 1.0 344595 2.0
10196 1919 1.0
10223 
10233 16147 1.0 32189 1.0 38149 1.0
10235 
10259 15159 2.0
10285 31488 1.0 32353 1.0 73635 1.0
10303 
10327 39766 1.0 159484 1.0
10357 10358 3.0
10358 10357 3.0 16149 2.0
10450 10758 2.0 93303 2.0
10545 
10562 
10563 14707 2.0
10598 10186 1.0 10601 6.0 28826 1.0
10601 10598 6.0 28644 1.0 37896 1.0 49665 1.0
10758 10450 2.0 14707 1.0 18261 1.0 93303 1.0
11048 
11134 
11318 11319 1.0 37836 1.0
11319 11318 1.0 19086 1.0 19219 1.0 37044 1.0 50809 1.0
11454 
11515 807 1.0 808 1.0
11700 125197 1.0
11714 58674 1.0
11717 33719 1.0
12428 16105 1.0 429894 1.0
12520 
12725 19761 3.0
12730 21191 3.0 30342 4.0 30343 10.0 153192 1.0 227852 1.0
12855 12887 1.0 19921 1.0
12863 
12887 848 1.0 12855 1.0 19921 1.0 100097 1.0
12958 
12971 2150 1.0 48389 1.0
13210 92637 2.0 275325 4.0 362408 2.0
13385 
13467 
13507 149820 1.0
13625 169384 1.0
13626 65140 1.0 66729 1.0
13650 23451 1.0
13662 
13747 8214 1.0 9860 1.0 47991 1.0 50285 1.0 121606 1.0
13758 30923 1.0 37682 1.0 79730 1.0 121605 5.0 376061 2.0
13880 
13908 
13942 145822 1.0
14217 
14223 
14264 217648 1.0
14301 
14302 
14327 14851 1.0 14879 1.0 62593 1.0
14474 99448 1.0
14482 58999 1.0 85663 2.0 109009 2.0 195600 2.0
14508 14512 1.0 85468 1.0 317305 1.0
14512 14508 1.0 83229 2.0 317305 2.0
14650 14651 1.0 16224 3.0
14651 14650 1.0
14654 28185 3.0
14671 9436 4.0
14707 10563 2.0 10758 1.0 18261 2.0 20789 2.0 41148 1.0
14771 
14803 
14804 
14806 9261 1.0
14823 
14851 14327 1.0 362769 1.0
14867 
14879 14327 1.0 62593 2.0
14880 15948 1.0 80385 1.0 240140 2.0
14893 81300 2.0 197530 1.0 601241 1.0
14894 
15043 
15070 
15072 82672 1.0 304807 1.0
15159 10259 2.0
15193 
15223 21191 1.0 26092 1.0 27235 1.0
15423 33719 2.0 146816 1.0
15559 
15586 15587 1.0 70946 1.0
15587 15586 1.0 70946 1.0
15875 
15948 14880 1.0 80385 1.0
15949 
15956 37841 1.0
15970 129832 1.0
16030 275259 1.0
16104 16105 1.0
16105 12428 1.0 16104 1.0 23774 2.0 429894 1.0
16147 10233 1.0
16149 10358 2.0 357109 5.0
16151 300850 2.0
16222 16223 1.0 16224 1.0
16223 955 2.0 16222 1.0 16224 1.0 68169 1.0 87681 1.0 157378 1.0 214993 1.0
16224 14650 3.0 16222 1.0 16223 1.0
16235 2204 1.0 42282 1.0
16280 
16282 
16283 16284 1.0
16284 16283 1.0
16401 
16457 
16536 25294 1.0 28571 1.0 81558 1.0 144959 1.0
16951 
17249 
17834 
17851 79885 1.0
17910 100097 1.0
17945 
18066 29286 1.0
18199 
18261 10758 1.0 14707 2.0
18265 
18400 5268 2.0 9497 1.0 9639 1.0 18401 5.0
18401 18400 5.0
18418 351271 1.0
18455 32184 1.0
18619 
18634 25291 1.0
18675 
18731 
18809 37171 1.0
18813 26293 2.0 647982 1.0
18835 18849 1.0 20675 3.0 53995 2.0 195600 1.0
18836 181 1.0 20703 3.0 41806 1.0 382546 1.0
18849 18835 1.0
18880 156051 1.0
18895 89031 1.0
18923 
18959 2204 1.0
18971 10014 1.0 137348 1.0
19084 
19085 
19086 11319 1.0 19219 1.0 19220 1.0 28571 1.0 102910 1.0
19088 19219 2.0 28694 1.0 235582 1.0
19132 3010 1.0 107231 1.0
19195 
19209 38996 1.0
19210 
19219 4274 1.0 6139 2.0 7691 1.0 7692 1.0 11319 1.0 19086 1.0 19088 2.0
19220 3992 1.0 19086 1.0 27235 1.0 28571 3.0 102910 4.0
19223 30187 1.0
19457 
19534 46000 1.0
19761 12725 3.0
19921 4546 1.0 12855 1.0 12887 1.0 151865 1.0
20450 27082 1.0
20566 66342 3.0
20602 
20638 
20675 18835 3.0 53995 2.0 55883 1.0 195600 1.0
20676 
20703 181 1.0 18836 3.0
20789 14707 2.0 74184 5.0 446030 2.0 446031 2.0
20793 20795 6.0
20795 20793 6.0
20797 73996 3.0 104771 3.0 215040 1.0
21003 
21030 2534 2.0 6595 1.0 118347 2.0
21136 116683 1.0
21159 21160 1.0
21160 21159 1.0
21191 12730 3.0 15223 1.0 89942 1.0 108565 1.0 198368 1.0
21196 
21221 21222 1.0
21222 21221 1.0 40606 1.0 40653 1.0 50531 1.0 234911 3.0 253223 1.0 391523 2.0 558464 1.0
21318 
21319 
21429 31488 2.0
21497 
21519 33508 1.0
21746 
21747 
21958 
21962 30983 1.0 35939 3.0 378093 1.0
22078 28611 1.0
22093 80385 1.0
22198 
22236 6106 2.0 134235 1.0
22278 102910 1.0 144959 1.0
22372 
22733 
22962 
22984 4737 2.0 28677 1.0 74801 1.0 98938 1.0
22990 
23088 97637 10.0 199699 3.0
23203 
23335 
23345 
23451 9436 1.0 13650 1.0 26293 1.0
23774 16105 2.0
23894 5452 1.0 9497 1.0
23896 6477 1.0 66535 1.0
24072 
24079 
24196 
24281 
24315 
24316 
24404 90032 2.0
24479 413250 1.0
24550 
24602 
24665 
24693 
24938 
25164 41888 1.0 150077 1.0 252958 1.0
25183 419526 2.0 470913 2.0
25219 
25265 
25291 6714 1.0 8057 1.0 18634 1.0 29067 1.0 37044 1.0 435131 1.0
25294 7550 2.0 16536 1.0 27235 2.0 29067 1.0
25329 102023 1.0
25346 1524 5.0 73678 1.0
25367 
25471 
25507 
25572 
25711 73635 1.0 327088 4.0
25834 
25890 82044 1.0
25891 87 3.0 37896 2.0 39765 1.0 39766 1.0 48029 1.0 63717 5.0 82044 3.0 266194 1.0
26092 15223 1.0
26105 
26293 18813 2.0 23451 1.0 115698 1.0 647982 1.0
26376 26377 5.0
26377 26376 5.0
26475 
26731 
26821 52781 1.0
26830 27336 1.0
26838 
26877 
26952 
27063 
27082 20450 1.0
27234 
27235 7550 3.0 15223 1.0 19220 1.0 25294 2.0 28571 2.0 57723 1.0 102910 1.0 184057 1.0 522569 1.0
27243 6805 1.0 40967 2.0 107748 2.0
27335 27336 1.0
27336 26830 1.0 27335 1.0 228352 1.0
27390 
27640 
28161 
28163 28164 1.0
28164 28163 1.0
28165 
28185 14654 3.0
28338 37836 2.0 52781 3.0
28570 7550 3.0 41888 1.0 42157 7.0 58674 1.0 150077 1.0 183691 4.0
28571 7550 1.0 16536 1.0 19086 1.0 19220 3.0 27235 2.0 41888 1.0 81558 1.0 102910 3.0 150077 1.0 375885 1.0
28609 28611 1.0
28611 22078 1.0 28609 1.0 66509 4.0
28644 10601 1.0 28668 2.0
28668 28644 2.0 38149 1.0
28677 22984 1.0 30016 1.0 30017 6.0 42520 5.0 48525 1.0 49938 1.0 74628 1.0 74801 6.0 81919 6.0 304807 1.0
28694 19088 1.0 30187 1.0
28826 10186 1.0 10598 1.0 55502 1.0 57000 1.0 376855 1.0
28840 
29067 2587 1.0 25291 1.0 25294 1.0 37810 1.0 89031 2.0 103706 1.0 195048 1.0 356194 1.0
29099 
29237 
29286 18066 1.0
29486 
29518 42019 2.0 211088 2.0
29876 
30016 28677 1.0 30017 1.0
30017 28677 6.0 30016 1.0 42520 1.0 74628 1.0 81919 1.0
30138 55016 1.0 73678 1.0 103706 1.0
30187 19223 1.0 28694 1.0
30296 123663 1.0 155301 1.0
30342 12730 4.0 30343 4.0
30343 12730 10.0 30342 4.0
30381 
30405 
30632 304329 1.0
30634 
30745 
30757 
30842 30843 1.0 143674 1.0
30843 30842 1.0
30883 91021 1.0 312603 1.0
30923 13758 1.0 121605 1.0
30983 21962 1.0
31036 32989 1.0 122649 1.0
31259 37235 2.0 89632 2.0 227608 2.0
31488 10285 1.0 21429 2.0 32076 2.0 32353 5.0
31489 
31490 39374 1.0 390625 1.0
31763 
31942 
32076 31488 2.0 32353 2.0 99976 1.0
32177 
32183 
32184 18455 1.0
32189 3394 1.0 10233 1.0 38149 1.0
32327 200444 1.0
32353 10285 1.0 31488 5.0 32076 2.0
32356 
32470 
32546 
32574 
32707 163867 1.0
32760 87 1.0 81989 1.0
32889 
32989 31036 1.0 120567 1.0 134201 5.0 326999 3.0
33342 9994 2.0
33402 
33431 9769 2.0
33442 37235 1.0
33452 9994 2.0
33508 21519 1.0
33719 11717 1.0 15423 2.0
33828 
33895 38868 2.0 70853 1.0 265022 1.0
33923 
34156 37044 1.0 38531 1.0 40173 1.0 91917 1.0
34163 
34233 
34322 
34405 
34466 
34617 
34678 7280 1.0
35110 
35111 91 1.0 40672 1.0 44479 1.0
35127 201015 2.0
35158 
35283 
35389 
35413 61696 1.0 135751 1.0
35429 
35444 
35478 
35608 2171 2.0 2204 1.0 135191 1.0
35709 2800 2.0 4549 4.0 92866 1.0 161808 1.0 305557 2.0
35785 
35939 21962 3.0 378093 1.0
36023 
36267 7280 4.0 129673 1.0
36621 4266 1.0 4516 2.0
36625 66405 1.0 105056 1.0 329507 2.0
36641 
36689 
37044 8057 1.0 11319 1.0 25291 1.0 34156 1.0
37171 18809 1.0
37234 
37235 9960 2.0 31259 2.0 33442 1.0 227608 1.0
37257 
37287 
37291 
37298 39374 1.0 210809 1.0 210810 2.0
37380 
37381 
37418 
37419 72620 1.0 273432 1.0
37451 9419 2.0 69959 1.0 69960 1.0
37558 80698 1.0
37561 
37682 13758 1.0 79730 3.0 270614 2.0
37688 37836 4.0 63717 1.0 77559 1.0 82044 1.0 387948 2.0
37692 37694 1.0
37694 37692 1.0
37756 73471 1.0
37760 
37810 29067 1.0 74628 2.0 155490 2.0 188266 3.0 195048 2.0 265788 1.0
37836 11318 1.0 28338 2.0 37688 4.0 52781 4.0 156051 1.0 387948 2.0
37841 15956 1.0
37896 6756 1.0 10601 1.0 25891 2.0 43670 1.0 63717 2.0 73393 1.0 168661 1.0
37918 
37958 
37990 192225 3.0 389674 1.0 423336 1.0
38025 
38053 
38149 10233 1.0 28668 1.0 32189 1.0 39659 2.0 97009 1.0
38323 68083 2.0
38397 
38531 34156 1.0
38607 2517 1.0 76756 1.0
38705 
38868 33895 2.0 70853 1.0
38904 
38978 
38996 19209 1.0 50809 1.0
39074 
39142 
39339 
39374 2494 1.0 6139 1.0 31490 1.0 37298 1.0 41892 3.0 343567 1.0 383463 1.0 392855 1.0
39525 56513 1.0 101195 2.0 392855 1.0
39527 
39643 
39659 38149 2.0
39708 
39746 
39765 25891 1.0 39766 4.0 82044 1.0 159484 1.0
39766 10327 1.0 25891 1.0 39765 4.0 63717 1.0 82044 1.0 159484 2.0
39858 
39979 10186 1.0
40086 
40168 199912 1.0 203074 1.0
40173 3441 2.0 34156 1.0 68169 1.0 82466 1.0 156910 1.0 163355 1.0 387078 1.0
40191 81630 1.0 266194 4.0
40262 3441 1.0 48003 1.0
40284 6805 1.0
40285 
40301 
40327 
40387 
40497 
40518 
40531 6805 1.0
40597 
40606 21222 1.0 48193 2.0 94324 2.0
40653 21222 1.0 40654 5.0 158541 3.0 253223 1.0 386135 1.0
40654 40653 5.0
40672 91 4.0 35111 1.0 44479 1.0
40803 
40941 
40967 27243 2.0 56426 1.0 97521 3.0 107748 2.0 123663 2.0 218178 1.0
41148 14707 1.0
41511 42145 1.0 99448 1.0
41537 
41806 18836 1.0 382546 1.0
41888 25164 1.0 28570 1.0 28571 1.0 49665 2.0 147269 5.0 150077 7.0 154996 3.0 252958 4.0 270943 1.0 375885 3.0
41892 39374 3.0 383463 4.0 392855 2.0
41950 104738 1.0
42019 29518 2.0 211088 1.0
42032 
42038 
42089 
42108 
42145 41511 1.0 99448 1.0
42157 7550 4.0 28570 7.0 58674 1.0 183691 3.0
42282 16235 1.0
42383 
42520 28677 5.0 30017 1.0 48525 1.0 74801 2.0 81919 1.0 269771 3.0 269772 1.0 389656 1.0
42728 
42875 
43466 
43517 
43670 37896 1.0 82349 1.0
43712 
43831 
44170 3988 5.0
44272 
44301 
44326 402282 1.0
44359 133294 2.0
44391 
44399 44573 2.0 79707 1.0
44469 
44479 91 1.0 35111 1.0 40672 1.0
44563 91 1.0
44573 44399 2.0 79707 1.0
44574 79709 4.0
44576 
44664 
44712 
44783 
44961 160955 1.0
45182 3988 2.0
45437 
45468 
45512 
45514 48834 1.0
45604 95868 1.0
45712 4718 1.0 61824 1.0
45830 
46000 19534 1.0 130573 1.0
46100 4473 1.0 4697 1.0 4904 1.0
46164 
46232 
46342 
47025 
47165 91 3.0
47543 3432 1.0
47606 
47696 
47990 99924 1.0
47991 8214 1.0 9860 1.0 13747 1.0 121606 1.0
48003 7647 1.0 9613 1.0 40262 1.0 102023 1.0 588828 1.0
48029 87 1.0 955 2.0 25891 1.0
48031 
48095 955 2.0 9860 2.0
48115 7781 1.0
48117 
48162 181 1.0 99197 2.0 152350 2.0
48174 
48181 91 2.0 48193 1.0
48184 
48193 91 1.0 40606 2.0 48181 1.0 86655 2.0 86656 2.0 91478 2.0 94324 2.0
48299 81372 2.0 102023 1.0
48389 2150 1.0 12971 1.0
48455 261883 1.0
48499 7981 1.0
48525 28677 1.0 42520 1.0
48730 
48740 64862 1.0
48834 45514 1.0 48835 3.0
48835 48834 3.0
49209 
49210 
49319 
49322 
49482 
49489 
49558 7195 2.0
49665 10186 1.0 10601 1.0 41888 2.0 147269 1.0 150077 1.0 344595 1.0 517972 1.0
49718 
49938 28677 1.0 81919 1.0
50052 
50277 
50285 13747 1.0
50346 
50383 91 1.0
50531 21222 1.0 391523 1.0
50654 67798 1.0 216276 2.0 338299 2.0
50703 50704 2.0 50705 2.0
50704 50703 2.0 50705 2.0
50705 50703 2.0 50704 2.0 117598 9.0
50733 
50809 11319 1.0 38996 1.0
50834 143008 1.0
50875 
50906 
51413 4467 1.0 4697 1.0 4904 1.0
51430 
51451 
51548 
51559 159450 3.0 274001 1.0
51561 
51647 9960 3.0
51729 
51939 
51946 1864 3.0
52161 
52321 
52356 
52654 
52655 
52700 
52711 
52722 83828 1.0
52725 
52781 9496 1.0 26821 1.0 28338 3.0 37836 4.0
53329 10102 1.0 53330 1.0 88817 1.0
53330 53329 1.0
53655 
53665 2867 1.0
53824 
53867 105987 1.0
53885 65362 1.0
53923 
53984 
53995 18835 2.0 20675 2.0
54176 159775 1.0
54202 
54323 4256 1.0 458622 1.0
54365 
54412 60274 2.0
54489 
54548 54549 1.0
54549 54548 1.0
54642 
54644 54645 3.0
54645 54644 3.0
54786 150711 1.0
54811 162204 1.0
55016 30138 1.0 73678 1.0
55333 
55418 
55447 
55494 
55502 28826 1.0
55598 
55673 
55776 
55793 93092 1.0
55794 
55883 2849 3.0 20675 1.0
56392 
56426 40967 1.0 199699 1.0 218178 1.0
56487 5834 1.0 155187 1.0
56513 39525 1.0 92876 2.0 265022 1.0
56718 
56836 174694 1.0
57000 2482 1.0 28826 1.0 81558 1.0 121606 1.0 123051 1.0
57504 
57562 193478 1.0
57723 27235 1.0 522569 3.0
57957 114213 1.0
58310 
58512 
58674 87 1.0 11714 1.0 28570 1.0 42157 1.0 270614 1.0
58733 
58999 14482 1.0
59030 9324 3.0
59046 
59091 
59206 9860 1.0
59234 9633 1.0
59506 120980 1.0
59977 167514 3.0
60089 
60139 156051 1.0
60146 
60207 81035 1.0
60273 
60274 977 1.0 54412 2.0
60616 
60704 
60706 
60945 
60980 
61150 
61343 
61498 112120 1.0
61696 35413 1.0
61824 3343 1.0 45712 1.0 126811 2.0
61825 
61827 147454 1.0
62563 
62593 14327 1.0 14879 2.0
62618 
62665 
62775 
62928 
63265 
63412 
63643 
63690 5003 2.0 523624 1.0
63697 66534 1.0 66535 1.0 79885 1.0 219675 1.0 374781 1.0
63701 
63717 25891 5.0 37688 1.0 37896 2.0 39766 1.0 82044 3.0
64433 
64641 
64674 
64862 48740 1.0
64894 
65015 
65060 65061 1.0
65061 65060 1.0
65140 13626 1.0 66729 1.0
65242 181 1.0
65362 955 1.0 53885 1.0
65543 
65566 65567 1.0 65568 2.0
65567 65566 1.0 65568 2.0
65568 65566 2.0 65567 2.0
65767 
66342 20566 3.0
66405 36625 1.0 105056 1.0
66407 
66504 
66509 28611 4.0
66534 63697 1.0 66535 1.0
66535 6477 2.0 23896 1.0 63697 1.0 66534 1.0
66635 199912 2.0
66729 13626 1.0 65140 1.0
66866 7781 1.0
66950 
67054 
67680 147454 1.0
67798 5452 1.0 50654 1.0 121140 3.0 221822 6.0
67963 
68042 
68083 38323 2.0
68169 955 1.0 16223 1.0 40173 1.0 87681 1.0 156910 1.0 214993 1.0 387078 1.0
68180 
68265 
68570 
68840 
68901 
69209 
69248 
69249 
69339 69341 1.0 69342 2.0
69341 69339 1.0 69342 1.0
69342 69339 2.0 69341 1.0
69343 
69375 5517 2.0
69538 72278 1.0 114924 1.0
69642 
69781 
69944 
69959 37451 1.0 69960 3.0 69961 1.0 346050 1.0
69960 37451 1.0 69959 3.0 69961 1.0 346050 1.0
69961 69959 1.0 69960 1.0 346050 1.0
70093 
70549 
70853 33895 1.0 38868 1.0
70901 
70946 15586 1.0 15587 1.0
71260 
71371 
71633 
71656 113509 1.0
72020 
72271 
72278 69538 1.0 114924 5.0 230942 4.0
72620 37419 1.0 273432 1.0
72685 223298 2.0
73005 
73031 73032 1.0 87312 1.0
73032 73031 1.0
73176 
73330 
73375 
73393 6139 1.0 37896 1.0
73395 
73427 
73471 37756 1.0
73635 10285 1.0 25711 1.0 327088 1.0
73678 1524 1.0 4505 1.0 25346 1.0 30138 1.0 55016 1.0 80402 1.0 188770 1.0
73688 
73734 9437 3.0
73996 20797 3.0 104771 3.0 215040 1.0
74021 
74184 20789 5.0 446030 2.0 446031 2.0
74207 
74220 
74377 
74599 
74628 28677 1.0 30017 1.0 37810 2.0 155490 1.0 188266 1.0
74686 79725 1.0
74801 22984 1.0 28677 6.0 42520 2.0 81919 2.0 304807 1.0
74839 
75277 1776 1.0
75369 
75387 
75393 
75937 
76000 
76012 
76211 
76258 
76627 
76711 
76756 38607 1.0
76797 
76798 
77128 
77559 37688 1.0
77961 
78144 
78436 
78675 270943 2.0
78726 
78806 
79022 
79345 3394 2.0
79643 
79707 44399 1.0 44573 1.0
79709 44574 4.0
79725 74686 1.0
79730 87 1.0 13758 1.0 37682 3.0 270614 3.0
79821 107856 4.0
79837 
79885 17851 1.0 63697 1.0 219675 4.0 374781 2.0
79914 157397 5.0
80050 
80227 272171 3.0
80385 14880 1.0 15948 1.0 22093 1.0
80402 73678 1.0 156051 1.0
80550 
80571 80572 1.0
80572 80571 1.0
80698 37558 1.0
80735 
80749 351271 5.0 391134 4.0 423610 3.0
81035 60207 1.0
81300 14893 2.0 197530 1.0
81372 48299 2.0
81532 
81558 16536 1.0 28571 1.0 57000 1.0
81561 
81597 
81629 99924 2.0 102023 4.0 156049 1.0 576643 1.0
81630 40191 1.0 95793 1.0 265788 1.0 266194 1.0
81645 
81700 
81701 
81919 28677 6.0 30017 1.0 42520 1.0 49938 1.0 74801 2.0 304807 1.0
81944 791 1.0
81989 87 1.0 5268 1.0 32760 1.0
82044 25890 1.0 25891 3.0 37688 1.0 39765 1.0 39766 1.0 63717 3.0
82045 
82063 
82064 
82118 
82349 43670 1.0
82403 
82432 378988 1.0
82466 40173 1.0 82672 1.0 100676 1.0 135226 2.0
82530 262826 1.0
82672 3373 1.0 15072 1.0 82466 1.0 135226 1.0 304807 2.0
82885 9877 2.0
83124 
83229 14512 2.0 317305 1.0
83493 
83779 4499 1.0
83828 52722 1.0 205474 3.0
84892 
84916 183967 1.0 347234 1.0
84966 9100 4.0 84967 3.0
84967 9100 1.0 84966 3.0
85032 
85033 
85341 
85468 14508 1.0
85573 
85663 14482 2.0 109009 2.0 195600 2.0
86070 
86107 
86232 
86296 
86519 
86655 48193 2.0 86656 10.0 91478 3.0
86656 48193 2.0 86655 10.0 91478 3.0
86946 
87046 358319 3.0
87244 
87312 73031 1.0
87610 
87679 87681 1.0 87682 1.0
87681 955 1.0 16223 1.0 68169 1.0 87679 1.0 87682 1.0 214993 1.0 274001 1.0
87682 87679 1.0 87681 1.0
87787 184670 1.0
88115 
88339 
88713 
88817 10102 1.0 53329 1.0
88872 
88939 238082 1.0 382235 1.0
89031 18895 1.0 29067 2.0 103706 1.0
89604 
89632 31259 2.0
89942 21191 1.0
90032 24404 2.0
90457 
90808 
90809 142372 2.0
91021 30883 1.0 312603 1.0
91032 
91240 112085 1.0
91478 48193 2.0 86655 3.0 86656 3.0
91654 370657 1.0
91728 351271 1.0
91850 
91917 34156 1.0
92331 
92341 
92388 200056 6.0 665601 1.0
92409 
92593 
92594 
92637 13210 2.0 156051 1.0 187585 1.0 275325 2.0 362408 3.0
92657 
92866 35709 1.0 161808 1.0
92876 56513 2.0 265022 1.0
93092 55793 1.0
93159 
93303 10450 2.0 10758 1.0
93604 
93713 
93783 
93854 
93866 
94100 7337 1.0
94174 
94318 
94324 40606 2.0 48193 2.0
94741 
95265 96493 2.0 223671 1.0 223920 3.0
95752 
95774 95775 1.0 280140 1.0
95775 95774 1.0
95793 81630 1.0
95868 45604 1.0
95913 
95966 
96098 
96493 95265 2.0
96577 147346 1.0 147347 1.0
96734 221928 3.0
97007 7281 1.0 102796 1.0
97009 38149 1.0
97133 
97521 40967 3.0
97536 
97637 23088 10.0 123663 1.0
98376 
98418 
98597 
98866 
98938 22984 1.0
99032 
99140 
99197 181 1.0 48162 2.0 152350 2.0
99448 14474 1.0 41511 1.0 42145 1.0
99514 
99694 
99924 47990 1.0 81629 2.0
99976 32076 1.0
100037 
100097 12887 1.0 17910 1.0
100319 
100341 
100442 7559 1.0
100676 82466 1.0
101195 39525 2.0
101642 
102023 25329 1.0 48003 1.0 48299 1.0 81629 4.0
102207 
102463 
102526 
102578 186895 1.0
102796 9132 1.0 97007 1.0
102832 
102910 19086 1.0 19220 4.0 22278 1.0 27235 1.0 28571 3.0 144959 2.0
103029 
103064 
103079 
103111 
103545 
103622 
103706 29067 1.0 30138 1.0 89031 1.0
103744 
103758 
104216 8609 1.0 347490 1.0
104350 386443 2.0
104738 41950 1.0
104771 20797 3.0 73996 3.0 215040 1.0
104848 156051 2.0
105056 36625 1.0 66405 1.0 129309 1.0
105107 
105166 
105168 
105354 
105396 
105450 
105577 
105987 53867 1.0
106073 
106188 
106226 
106679 238082 1.0
107231 19132 1.0
107238 
107304 
107557 
107690 8766 1.0
107748 27243 2.0 40967 2.0
107856 79821 4.0
107915 109785 1.0 239761 1.0
107922 
107930 7647 1.0
108304 
108565 21191 1.0 225276 1.0
108758 
108760 
108792 
109009 14482 2.0 85663 2.0 195600 2.0
109325 
109447 3010 1.0 3042 1.0 168036 1.0 168037 1.0
109499 
109570 
109618 
109730 166767 1.0
109785 107915 1.0 239761 2.0
110436 225257 2.0
110705 
110979 141534 1.0
111273 
111894 
112085 91240 1.0
112120 61498 1.0 386152 1.0
112156 
112209 112210 1.0 211718 1.0
112210 112209 1.0
112244 
112472 
113353 
113509 71656 1.0
113723 
114022 
114213 57957 1.0
114684 301082 1.0
114924 69538 1.0 72278 5.0 230942 2.0
115416 
115698 26293 1.0
115905 
116305 
116683 21136 1.0
117598 50705 9.0
117923 
118336 
118347 2534 2.0 21030 2.0
118429 
119272 
119406 
119887 
120240 
120567 32989 1.0 211251 1.0
120603 879 4.0
120980 59506 1.0
121140 67798 3.0 221822 2.0
121300 
121364 
121497 9872 4.0
121566 4549 1.0
121584 
121605 13758 5.0 30923 1.0
121606 2482 1.0 4505 1.0 8214 1.0 9860 2.0 10100 1.0 13747 1.0 47991 1.0 57000 1.0 123051 1.0
121627 
121760 
122107 
122649 31036 1.0
122799 175839 2.0
122961 
123011 3190 1.0
123051 2482 1.0 57000 1.0 121606 1.0
123078 
123663 30296 1.0 40967 2.0 97637 1.0
123810 
124215 
124943 188414 4.0
125197 11700 1.0
126352 
126356 
126811 61824 2.0
128296 
128302 
128334 
128391 3190 1.0
128753 
128869 
128885 
129309 105056 1.0
129403 
129673 7280 1.0 36267 1.0
129690 
129832 15970 1.0
129931 3993 1.0
129978 
130432 2582 1.0
130573 46000 1.0 531227 1.0
130808 
131373 
131591 253958 2.0
131851 
132213 
132415 
132568 
132819 
132821 146080 1.0
132887 216276 1.0 338299 1.0
132927 
133294 44359 2.0
133331 
134201 32989 5.0 326999 3.0
134235 22236 1.0
134985 
135162 
135191 35608 1.0
135226 82466 2.0 82672 1.0
135751 35413 1.0
135794 
136176 
136207 
137348 10014 1.0 18971 1.0
137428 343567 1.0
138772 
138778 
140112 304807 2.0
140992 7501 1.0
141300 
141519 325273 2.0
141534 110979 1.0
141715 270523 1.0
141830 618340 2.0 618342 2.0
142372 90809 2.0
143008 50834 1.0
143275 
143300 
143310 
143425 143427 4.0
143427 143425 4.0
143579 
143674 30842 1.0
143763 
143891 
144313 4504 1.0
144473 167514 1.0
144562 198368 1.0
144579 
144716 
144958 
144959 3992 1.0 16536 1.0 22278 1.0 102910 2.0
145106 6714 1.0
145574 
145822 13942 1.0
145900 
146080 132821 1.0
146659 
146816 15423 1.0
146945 
146946 160164 1.0 513773 1.0
147096 199933 2.0
147268 147269 1.0
147269 41888 5.0 49665 1.0 147268 1.0 183691 1.0
147346 96577 1.0 147347 3.0
147347 96577 1.0 147346 3.0
147454 61827 1.0 67680 1.0
147565 
148434 9769 1.0
148757 
148840 
148848 163867 1.0
148852 
149348 
149448 
149473 
149552 
149820 13507 1.0
149827 
150077 25164 1.0 28570 1.0 28571 1.0 41888 7.0 49665 1.0 154996 1.0 252958 2.0 375885 2.0
150377 
150711 54786 1.0 156051 1.0
151326 
151865 4546 1.0 19921 1.0
152136 
152350 181 1.0 48162 2.0 99197 2.0
152862 
153192 12730 1.0
153868 
154996 41888 3.0 150077 1.0 375885 1.0
155187 5834 1.0 56487 1.0
155301 5312 1.0 30296 1.0
155490 37810 2.0 74628 1.0 188266 1.0
155792 
156049 81629 1.0
156051 18880 1.0 37836 1.0 60139 1.0 80402 1.0 92637 1.0 104848 2.0 150711 1.0 187585 2.0 233577 1.0
156335 426073 1.0
156720 
156859 9497 1.0 194730 1.0
156910 40173 1.0 68169 1.0 387078 2.0
157193 
157378 16223 1.0
157397 79914 5.0
157417 
157787 
157907 327088 2.0
157968 
158016 
158361 158362 3.0 421339 1.0
158362 158361 3.0 421339 2.0
158541 40653 3.0
158572 
158738 349167 1.0
159358 
159383 
159450 51559 3.0 274001 1.0
159484 10327 1.0 39765 1.0 39766 2.0
159775 54176 1.0
160006 
160164 146946 1.0 513773 4.0
160556 
160560 
160926 
160955 44961 1.0
161333 
161367 
161808 35709 1.0 92866 1.0
162078 
162204 54811 1.0
162703 
162824 
163108 759 2.0
163355 40173 1.0
163379 272238 1.0
163405 
163845 4718 2.0
163867 32707 1.0 148848 1.0
164389 
165010 7792 1.0
165333 
165598 91 1.0 368615 1.0
165710 
165714 
165716 
166063 
166733 
166767 109730 1.0
167004 
167259 
167514 59977 3.0 144473 1.0
167924 
168036 3010 1.0 3042 1.0 109447 1.0 168037 1.0
168037 3010 1.0 3042 1.0 109447 1.0 168036 1.0
168661 37896 1.0
168709 
168955 3376 1.0
169384 13625 1.0
169540 5312 1.0
170380 
170402 
170993 321302 1.0
172390 
172578 4561 1.0
172910 
173389 
173390 
173556 
173603 
174230 
174410 
174456 
174505 
174694 56836 1.0
175675 
175754 
175839 122799 2.0
175998 
176859 
176933 
177300 
177369 351515 3.0
177680 
178233 
179016 
179078 
179741 
180680 
181166 
181577 
181646 
182283 
182284 
182857 
183372 
183691 7550 3.0 28570 4.0 42157 3.0 147269 1.0
183967 84916 1.0
184057 27235 1.0
184090 
184095 
184414 
184422 
184668 184670 1.0
184670 87787 1.0 184668 1.0 426375 1.0
185744 
186695 
186711 
186833 2455 1.0
186895 9994 1.0 102578 1.0
187141 
187585 92637 1.0 156051 2.0
188266 37810 3.0 74628 1.0 155490 1.0 265788 1.0
188414 124943 4.0
188770 73678 1.0 198115 1.0 198117 1.0
188900 
189113 2534 1.0
189672 
189748 
189763 
189848 
189902 
189943 7195 1.0
191491 
191596 
191605 
192225 37990 3.0
192348 
192402 
193068 
193478 4904 1.0 5945 1.0 57562 1.0
193925 
194137 
194277 
194485 
194730 156859 1.0
195048 29067 1.0 37810 2.0
195600 14482 2.0 18835 1.0 20675 1.0 85663 2.0 109009 2.0
196174 
197014 
197442 
197530 14893 1.0 81300 1.0
197567 
198115 188770 1.0 198117 5.0
198117 188770 1.0 198115 5.0
198142 
198368 21191 1.0 144562 1.0
198385 
198518 343567 3.0
198534 
198676 
198889 198890 2.0 198891 1.0 513855 2.0
198890 198889 2.0 198891 1.0 513855 2.0
198891 198889 1.0 198890 1.0 513855 1.0
199699 23088 3.0 56426 1.0
199706 270943 2.0
199912 40168 1.0 66635 2.0
199933 147096 2.0
200056 92388 6.0 665601 1.0
200444 32327 1.0
201015 35127 2.0
201235 
203074 40168 1.0
203402 
203539 
203650 
203846 
204132 
204513 
205126 
205474 83828 3.0
205481 
205662 
205709 
206235 
206256 
206756 
207034 
207911 251871 3.0 365406 2.0
208408 
210809 37298 1.0 210810 1.0
210810 37298 2.0 210809 1.0 331254 1.0
211088 9613 1.0 9645 1.0 29518 2.0 42019 1.0
211251 120567 1.0
211718 112209 1.0
212101 
212842 
212843 
214439 7309 2.0 288850 1.0 419526 1.0
214993 955 1.0 16223 1.0 68169 1.0 87681 1.0
215040 20797 1.0 73996 1.0 104771 1.0
215702 
216276 50654 2.0 132887 1.0 338299 3.0
216513 
217206 
217648 14264 1.0
218178 40967 1.0 56426 1.0
219103 
219116 
219675 63697 1.0 79885 4.0 374781 2.0
219898 
220371 
221822 5452 1.0 67798 6.0 121140 2.0
221928 96734 3.0
221943 
222170 222171 3.0 224908 1.0
222171 222170 3.0 224908 1.0 880527 1.0 880528 1.0
222565 
223298 72685 2.0
223671 95265 1.0
223748 
223920 95265 3.0
223954 
224325 
224908 222170 1.0 222171 1.0
224918 91 1.0
225257 110436 2.0
225276 108565 1.0
225285 
225527 
226311 
227282 3992 3.0
227518 
227608 31259 2.0 37235 1.0
227741 
227852 5815 1.0 12730 1.0
227896 
228320 
228352 27336 1.0
228589 
230942 72278 4.0 114924 2.0
231966 445293 1.0
232199 
232500 
233577 156051 1.0
234599 4997 1.0 4998 1.0
234911 21222 3.0 391523 1.0 558464 1.0
235113 
235562 326929 1.0
235582 19088 1.0
236785 
238082 88939 1.0 106679 1.0 382235 1.0
239761 107915 1.0 109785 2.0
240140 14880 2.0
241600 
242118 
242273 
242683 667 1.0
244617 269727 3.0
244728 
244830 
245301 
245385 
245789 
246714 
249670 
249975 3127 1.0
250270 
250607 
250850 
251736 
251761 
251871 207911 3.0 365406 1.0
252348 
252958 25164 1.0 41888 4.0 150077 2.0 375885 1.0
253161 343919 1.0
253223 21222 1.0 40653 1.0
253958 131591 2.0
255824 
256190 
256450 
257328 4487 2.0 4489 2.0
259751 
261409 
261883 48455 1.0
262289 
262776 
262826 82530 1.0
262886 
264470 
264795 
265022 33895 1.0 56513 1.0 92876 1.0
265788 37810 1.0 81630 1.0 188266 1.0
265808 
266194 25891 1.0 40191 4.0 81630 1.0
266853 
267695 1524 2.0
268928 
269660 269661 1.0
269661 269660 1.0
269727 244617 3.0
269771 42520 3.0 269772 1.0
269772 42520 1.0 269771 1.0
270523 141715 1.0
270594 
270597 
270614 37682 2.0 58674 1.0 79730 3.0
270943 41888 1.0 78675 2.0 199706 2.0
271378 
272171 80227 3.0 302469 2.0
272212 
272221 360256 3.0
272238 163379 1.0
272270 
272356 
272693 
273008 
273432 37419 1.0 72620 1.0
274001 51559 1.0 87681 1.0 159450 1.0
275259 16030 1.0
275325 13210 4.0 92637 2.0 362408 2.0
277275 
277315 
277535 
278606 
278713 
280140 95774 1.0
283877 
284394 
288850 214439 1.0 419526 1.0
289448 
289946 
290102 
290323 315891 1.0
290843 
291060 
291232 
293255 
293582 
293974 
294172 
294219 
294286 
294814 
295133 
295223 
296416 5945 1.0 9100 1.0
296619 
297176 
297867 
300850 16151 2.0
301052 
301082 114684 1.0
301113 
301816 
302469 272171 2.0
303166 
303712 
304329 30632 1.0
304807 15072 1.0 28677 1.0 74801 1.0 81919 1.0 82672 2.0 140112 2.0
305557 2800 2.0 35709 2.0
306762 
306832 100 1.0
309444 
312603 30883 1.0 91021 1.0
313057 
313393 
313431 
315891 290323 1.0
316572 
317305 14508 1.0 14512 2.0 83229 1.0
318007 
319455 
321302 170993 1.0
322126 
324571 
325273 141519 2.0
325280 4221 1.0 5250 1.0
326505 
326929 235562 1.0
326999 32989 3.0 134201 3.0
327030 
327088 25711 4.0 73635 1.0 157907 2.0
328734 
329507 36625 2.0
330845 
331254 210810 1.0
335103 
336857 
338066 
338299 50654 2.0 132887 1.0 216276 3.0
343567 39374 1.0 137428 1.0 198518 3.0
343884 
343919 253161 1.0
344578 
344595 10186 2.0 49665 1.0
344842 
346050 69959 1.0 69960 1.0 69961 1.0
347014 
347234 84916 1.0
347490 8609 3.0 104216 1.0
348174 
349167 158738 1.0
350603 
351271 18418 1.0 80749 5.0 91728 1.0 391134 4.0 423610 3.0
351515 177369 3.0
351883 
351896 
354517 
354633 
356194 29067 1.0
356291 
356325 
357109 16149 5.0
357149 7974 1.0 436421 1.0
357722 
358319 87046 3.0
358398 
358752 
359655 
360256 272221 3.0
362311 
362408 13210 2.0 92637 3.0 275325 2.0
362769 14851 1.0
363343 
363910 
365406 207911 2.0 251871 1.0
365700 
365788 
366065 
367123 
367799 
368615 91 1.0 165598 1.0
370657 91654 1.0
371141 
371218 
372871 
374781 63697 1.0 79885 2.0 219675 2.0
375162 
375885 28571 1.0 41888 3.0 150077 2.0 154996 1.0 252958 1.0
376061 13758 2.0
376463 
376824 
376855 28826 1.0
377548 
378093 21962 1.0 35939 1.0
378988 82432 1.0
382209 
382235 88939 1.0 238082 1.0
382546 18836 1.0 41806 1.0
383463 39374 1.0 41892 4.0 392855 1.0
383982 
386135 40653 1.0
386152 112120 1.0
386443 104350 2.0
386528 
387078 40173 1.0 68169 1.0 156910 2.0
387948 37688 2.0 37836 2.0
389656 42520 1.0
389674 37990 1.0 423336 1.0
390294 
390353 
390625 31490 1.0
391134 80749 4.0 351271 4.0 423610 3.0
391389 
391523 21222 2.0 50531 1.0 234911 1.0
391622 
392855 39374 1.0 39525 1.0 41892 2.0 383463 1.0
394675 
400266 
401061 
401561 
402282 44326 1.0
402430 
403903 
408084 
413250 24479 1.0
414632 
416517 515313 1.0
417896 
419316 
419526 25183 2.0 214439 1.0 288850 1.0 470913 2.0
420272 
421339 158361 1.0 158362 2.0
423336 37990 1.0 389674 1.0
423610 80749 3.0 351271 3.0 391134 3.0
426073 156335 1.0
426375 184670 1.0
426881 
426996 
428064 
429894 12428 1.0 16105 1.0
430104 
431049 
433623 
435131 25291 1.0
436421 357149 1.0
439174 
440170 
445047 
445293 231966 1.0
445880 
446030 20789 2.0 74184 2.0 446031 2.0
446031 20789 2.0 74184 2.0 446030 2.0
449548 
450328 
451675 
456291 
457361 
457981 
458437 
458622 54323 1.0
459063 
460550 
464535 
466526 
466540 
466652 
468508 
470913 25183 2.0 419526 2.0
478469 
487012 
488489 
490741 
490813 
491003 
491504 
493850 
495491 
496813 
504963 
507201 
507832 
508057 
511540 
513679 
513773 146946 1.0 160164 4.0
513855 198889 2.0 198890 2.0 198891 1.0
514517 
515313 416517 1.0
517210 
517972 49665 1.0
520285 
522569 27235 1.0 57723 3.0
522830 
522832 
523624 63690 1.0
524474 
530409 
531227 130573 1.0
535549 
535580 
535581 
535594 
537987 
538556 
540484 
540949 
541943 
542893 
543758 
548368 
552554 
554287 
555531 
557511 
558464 21222 1.0 234911 1.0
558503 
559417 
562316 
564213 
564486 
569537 
569727 
573761 
575676 
576643 81629 1.0
576869 
578403 
578835 
583800 
585332 
588828 48003 1.0
588975 
590963 
591856 
593661 
596265 
601241 14893 1.0
608480 
609701 
610612 
614342 
616543 
618340 141830 2.0 618342 3.0
618342 141830 2.0 618340 3.0
622034 
633992 
635532 
640593 
640906 
647982 18813 1.0 26293 1.0
650640 
655198 
657425 
663289 
665601 92388 1.0 200056 1.0
671639 
675209 
678189 
730481 
733030 
734253 
744305 
748413 
748906 
770784 
789629 
794766 
796010 
826422 
843250 
875538 
880527 222171 1.0 880528 1.0
880528 222171 1.0 880527 1.0
880870 
914564 
937809 
941650 
958935 
1238998 
1263986 
1434303 
1684818 
1947141 
