87 25891 3.0 37682 2.0 37688 1.0 37896 1.0 37990 1.0 48029 6.0 49938 1.0 58674 1.0 63717 1.0 79730 1.0
91 2482 1.0 4678 1.0 5910 3.0 14223 2.0 18813 1.0 40672 4.0 40967 1.0 43670 1.0 44170 1.0 47165 1.0 48455 1.0 52725 1.0 83779 1.0 85573 1.0 112085 1.0 172390 1.0 261883 1.0
100 10303 1.0
103 
181 48162 1.0 99197 1.0 152350 1.0
259 
260 
457 
656 
667 9324 2.0 10102 1.0 95793 1.0
749 7620 1.0 36641 1.0 216276 1.0 365788 1.0
759 163108 6.0
791 43670 2.0 67963 4.0 81944 5.0 82349 2.0
807 
808 
848 
879 120603 1.0
953 
955 2482 4.0 4274 6.0 5312 1.0 6962 1.0 9860 2.0 37918 1.0 48029 2.0 48095 5.0 52161 1.0 81558 1.0 123051 2.0 214993 1.0
977 60274 1.0
989 193068 1.0
1018 4697 1.0 35478 1.0 58310 1.0
1524 10601 1.0 25346 4.0 426073 1.0
1584 
1588 
1593 
1598 3394 1.0 50733 1.0
1776 
1864 
1919 
2150 5268 1.0 165333 1.0
2171 18835 1.0
2176 
2181 54786 1.0 76798 2.0
2184 36267 2.0
2200 
2204 2587 1.0
2246 2534 2.0
2300 7921 1.0 162703 1.0 184422 1.0 184670 1.0 220371 1.0
2455 
2460 
2482 91 1.0 955 4.0 2587 1.0 2953 1.0 5207 1.0 9064 1.0 16151 1.0 81558 1.0 123051 2.0
2494 18813 1.0 38025 1.0 390625 2.0
2517 
2534 2246 2.0 189113 1.0
2558 
2580 
2582 206256 1.0
2587 2204 1.0 2482 1.0 7647 1.0 25507 1.0 30381 1.0 52781 1.0
2800 35709 1.0 305557 1.0
2849 20675 1.0 55883 4.0 184095 1.0
2862 42145 1.0
2863 
2867 
2953 2482 1.0
2955 
3010 3042 4.0
3042 3010 4.0
3127 249975 1.0 464535 2.0
3161 
3190 10598 1.0 10601 1.0 123011 1.0 128391 1.0 129673 1.0
3213 51430 1.0 51548 1.0
3343 
3373 3375 3.0 3376 2.0 26952 1.0 86070 1.0
3375 3373 3.0 3376 1.0 26952 1.0
3376 3373 2.0 3375 1.0 26952 1.0 86070 1.0
3394 1598 1.0 5268 1.0 79345 1.0
3432 47543 5.0
3441 40262 3.0
3631 
3988 
3992 10102 1.0 53330 1.0 79730 1.0 85341 1.0 144959 1.0 149473 2.0 195048 1.0 227282 1.0 319455 1.0
3993 
4221 13747 1.0
4256 37682 1.0 211088 1.0 426881 1.0 458622 1.0
4266 4516 1.0 36621 1.0 52356 2.0
4274 955 6.0 7691 5.0 7692 4.0
4291 
4447 
4467 105168 1.0
4473 92657 1.0
4474 4904 1.0
4480 
4487 4489 1.0 147565 1.0
4489 4487 1.0 49482 1.0 73330 2.0 147565 1.0 257328 1.0
4499 83779 2.0
4500 
4504 4505 4.0 4997 1.0 26105 1.0 30923 1.0 98376 1.0 329507 1.0
4505 4504 4.0 30923 1.0
4516 4266 1.0 40173 1.0 52356 1.0
4529 
4533 69209 1.0
4546 
4549 35709 3.0
4556 
4561 10014 1.0 205709 2.0 293974 1.0
4678 91 1.0 34163 1.0 56718 1.0
4697 1018 1.0 58310 1.0
4718 74021 1.0
4737 22984 3.0
4768 513679 1.0
4904 4474 1.0
4928 
4929 4969 1.0 7981 1.0 99514 1.0
4969 4929 1.0 16223 1.0 214993 1.0
4997 4504 1.0 4998 1.0 5119 1.0 26105 1.0 32327 1.0 98376 1.0 329507 1.0
4998 4997 1.0
5003 
5119 4997 1.0 5467 2.0 32327 1.0
5150 
5159 
5207 2482 1.0 79022 1.0
5250 15423 1.0 325280 1.0
5268 2150 1.0 3394 1.0 81989 1.0
5285 
5312 955 1.0
5410 33452 2.0 38904 1.0 517210 2.0
5441 
5452 30343 1.0 37918 1.0 67798 1.0 121140 1.0
5467 5119 2.0 18835 1.0
5517 
5709 36625 1.0 94100 2.0
5815 183967 3.0 227852 1.0
5834 56487 1.0 155187 1.0
5910 91 3.0
5945 
6068 
6098 
6106 
6139 19086 1.0 19088 2.0 19219 2.0 19220 1.0 73393 2.0 450328 1.0
6143 
6186 
6361 
6380 39525 1.0
6460 
6462 
6477 
6558 54548 2.0 54549 1.0 430104 4.0
6582 
6595 
6714 35939 2.0 145106 1.0 156051 1.0
6756 
6805 40518 1.0
6962 955 1.0 27243 1.0
6981 80698 1.0
6984 
7039 
7195 9860 2.0 30923 1.0 49558 1.0 189943 1.0
7231 
7280 36267 4.0 129673 2.0
7281 9132 3.0
7309 214439 4.0
7337 
7501 140992 1.0
7550 16151 1.0 25891 1.0 27235 4.0 28571 1.0 41888 1.0 147269 1.0 183691 1.0
7559 100442 1.0
7596 
7608 64433 1.0 73176 2.0
7620 749 1.0
7647 2587 1.0 39374 1.0 41892 1.0 48003 1.0
7691 4274 5.0 7692 4.0
7692 4274 4.0 7691 4.0
7757 
7766 22733 2.0
7781 48115 2.0 107915 1.0 109785 1.0 300850 1.0
7786 
7792 87046 3.0 358319 3.0
7857 33719 1.0
7921 2300 1.0 245385 1.0
7926 24196 1.0 27235 1.0
7974 357149 6.0 436421 2.0
7981 4929 1.0 99514 2.0
8057 95913 1.0
8093 
8129 9769 1.0
8206 50906 1.0 62775 4.0 126356 6.0
8214 
8236 336857 1.0 375885 1.0
8609 104216 2.0 535594 1.0
8744 10102 1.0 193068 1.0
8766 12730 1.0 29067 1.0 107690 3.0 112156 3.0
8926 8928 1.0
8927 
8928 8926 1.0
9064 2482 1.0
9092 
9100 84966 2.0 84967 1.0
9116 
9122 
9132 7281 3.0
9135 93604 1.0
9158 
9261 155792 1.0
9280 
9324 667 2.0 59030 2.0
9375 25219 4.0 33923 3.0 37810 1.0 162824 2.0
9405 9757 1.0
9419 
9436 14671 1.0 23451 1.0 66407 1.0
9437 73734 2.0
9496 
9497 156859 1.0
9579 
9613 9645 1.0 211088 1.0
9633 59234 4.0
9639 
9643 18066 3.0
9645 9613 1.0
9662 
9701 
9709 39525 1.0
9711 
9715 
9741 10100 1.0
9757 9405 1.0
9769 8129 1.0 33431 1.0 33895 2.0
9860 955 2.0 7195 2.0 10100 1.0 48095 1.0 59206 2.0 121606 1.0 242683 1.0
9872 121497 2.0
9877 82885 1.0
9950 
9960 51647 1.0
9965 
9994 
10014 4561 1.0 205709 1.0 293974 2.0
10100 9741 1.0 9860 1.0
10102 667 1.0 3992 1.0 8744 1.0 40967 1.0 107748 1.0 136207 1.0 193068 1.0 224325 1.0
10186 10233 5.0 100676 1.0
10196 
10223 
10233 10186 5.0 15949 1.0 32189 2.0 37688 1.0 38149 1.0 155301 1.0
10235 25471 1.0
10259 15159 6.0 60139 1.0
10285 
10303 100 1.0
10327 39766 1.0 159484 1.0 199706 2.0 270943 3.0
10357 10358 2.0
10358 10357 2.0
10450 37418 2.0
10545 
10562 10758 1.0
10563 
10598 3190 1.0 10601 3.0 25507 1.0
10601 1524 1.0 3190 1.0 10598 3.0 37896 1.0
10758 10562 1.0
11048 
11134 
11318 11319 1.0 37836 1.0 38149 2.0 39659 4.0 40518 1.0 97009 2.0
11319 11318 1.0 19219 1.0
11454 
11515 
11700 125197 1.0
11714 30405 1.0 31490 1.0 390625 1.0
11717 33719 2.0
12428 16105 1.0 27390 2.0
12520 
12725 
12730 8766 1.0 27235 1.0 29286 1.0 30342 2.0 30343 3.0 153192 2.0
12855 
12863 
12887 100097 1.0
12958 
12971 39858 1.0
13210 275325 3.0
13385 
13467 
13507 
13625 21030 1.0 169384 2.0
13626 65140 2.0 66729 2.0
13650 
13662 65140 1.0
13747 4221 1.0 13758 1.0 50285 1.0 121605 1.0 121606 1.0 144313 2.0 210810 1.0
13758 13747 1.0 23088 1.0 121605 11.0 121606 1.0 210810 1.0 376061 2.0
13880 
13908 290843 1.0 291232 1.0
13942 
14217 
14223 91 2.0
14264 
14301 
14302 
14327 
14474 
14482 58999 1.0 83124 1.0 85663 4.0 109009 1.0 195600 1.0
14508 
14512 68265 1.0 83229 1.0 317305 4.0
14650 
14651 
14654 
14671 9436 1.0
14707 18261 1.0
14771 
14803 14804 2.0
14804 14803 2.0
14806 
14823 
14851 
14867 
14879 64433 1.0
14880 240140 2.0 458437 2.0
14893 520285 2.0
14894 103029 1.0
15043 
15070 
15072 82672 1.0 304807 1.0
15159 10259 6.0
15193 
15223 27235 1.0 137428 1.0 242683 1.0
15423 5250 1.0 33719 3.0 146659 1.0 150377 1.0
15559 269660 2.0
15586 15587 4.0
15587 15586 4.0
15875 
15948 
15949 10233 1.0 169540 1.0 255824 1.0
15956 
15970 
16030 
16104 16105 2.0
16105 12428 1.0 16104 2.0 23774 4.0 27390 1.0
16147 300850 1.0
16149 357109 2.0
16151 2482 1.0 7550 1.0 25891 1.0 300850 1.0
16222 
16223 4969 1.0 157378 1.0 214993 1.0
16224 
16235 21136 1.0 29067 1.0
16280 
16282 18619 1.0 97637 1.0 557511 1.0
16283 16284 2.0
16284 16283 2.0 108760 1.0
16401 
16457 37257 4.0
16536 19220 2.0 22278 3.0 27235 1.0 28571 1.0 29518 1.0 42019 1.0 81558 1.0 557511 1.0
16951 121584 1.0 143427 1.0
17249 
17834 230942 1.0
17851 22198 1.0 79885 1.0 374781 2.0
17910 
17945 
18066 9643 3.0
18199 
18261 14707 1.0
18265 100097 1.0
18400 18401 2.0 27243 1.0 86656 1.0
18401 18400 2.0 27243 1.0 86656 6.0
18418 32189 1.0 38149 1.0 39374 1.0 49665 1.0 198385 1.0 204513 1.0
18455 
18619 16282 1.0
18634 23088 2.0 25291 1.0 107238 1.0 116683 1.0 389674 1.0
18675 
18731 62665 1.0
18809 25291 1.0 325280 1.0
18813 91 1.0 2494 1.0
18835 2171 1.0 5467 1.0 18836 2.0 20675 1.0
18836 18835 2.0 20703 1.0 41806 1.0 382546 1.0
18849 
18880 156051 1.0
18895 74377 2.0
18923 
18959 
18971 
19084 19086 1.0 19088 1.0 29067 1.0 252348 1.0
19085 
19086 6139 1.0 19084 1.0 19088 2.0 28694 2.0 252348 1.0 450328 1.0
19088 6139 2.0 19084 1.0 19086 2.0 19219 1.0 28694 1.0 252348 1.0 450328 1.0
19132 
19195 19223 1.0 22990 1.0 109447 1.0
19209 
19210 
19219 6139 2.0 11319 1.0 19088 1.0
19220 6139 1.0 16536 2.0 81558 1.0
19223 19195 1.0 22990 3.0 30187 1.0 109447 1.0
19457 90457 1.0 197014 1.0
19534 
19761 
19921 
20450 
20566 66342 3.0
20602 
20638 
20675 2849 1.0 18835 1.0 48525 1.0 53995 2.0 55883 3.0
20676 118429 1.0
20703 18836 1.0
20789 74184 10.0 446030 3.0 446031 4.0
20793 69959 2.0 69961 2.0 227896 2.0
20795 
20797 73996 1.0 104771 1.0
21003 
21030 13625 1.0 50834 1.0 65140 1.0 143008 1.0 169384 2.0
21136 16235 1.0 423336 1.0 588828 1.0
21159 21160 1.0
21160 21159 1.0
21191 44712 1.0 89942 1.0 522569 2.0
21196 
21221 21222 2.0
21222 21221 2.0 391523 1.0
21318 21319 2.0
21319 21318 2.0
21429 31488 2.0
21497 
21519 
21746 21747 1.0
21747 21746 1.0
21958 75393 1.0
21962 35939 1.0
22078 28611 2.0
22093 44399 1.0
22198 17851 1.0
22236 105166 1.0
22278 16536 3.0 29518 1.0 42019 1.0 144958 2.0 304329 1.0
22372 37418 1.0
22733 7766 2.0
22962 
22984 4737 3.0
22990 19195 1.0 19223 3.0 109447 1.0
23088 13758 1.0 18634 2.0 97637 8.0 121605 1.0 199699 2.0 376061 1.0
23203 
23335 
23345 
23451 9436 1.0
23774 16105 4.0
23894 259751 1.0
23896 
24072 
24079 
24196 7926 1.0 27235 1.0
24281 
24315 
24316 
24404 
24479 413250 5.0 495491 3.0
24550 
24602 
24665 
24693 
24938 122649 1.0
25164 28571 1.0 37836 1.0 41888 1.0 150077 1.0 375885 1.0
25183 419526 1.0 470913 1.0
25219 9375 4.0 33923 1.0 162824 2.0
25265 554287 1.0
25291 18634 1.0 18809 1.0 67798 1.0 81645 1.0 253161 1.0 343919 1.0 435131 3.0
25294 74377 2.0 408084 2.0
25329 35939 2.0 52781 1.0 87610 1.0 102023 1.0 188266 1.0
25346 1524 4.0 48174 1.0 156335 1.0 426073 2.0
25367 
25471 10235 1.0
25507 2587 1.0 10598 1.0 223954 1.0
25572 
25711 157907 3.0 327088 3.0
25834 
25890 
25891 87 3.0 7550 1.0 16151 1.0 37688 2.0 37896 2.0 39766 1.0 63717 4.0 559417 1.0
26092 
26105 4504 1.0 4997 1.0 58733 1.0 98376 1.0 284394 1.0 329507 1.0
26293 115698 1.0
26376 26377 3.0 538556 1.0
26377 26376 3.0
26475 
26731 
26821 
26830 27336 1.0
26838 37896 1.0
26877 294814 1.0
26952 3373 1.0 3375 1.0 3376 1.0
27063 
27082 52655 2.0 107930 2.0
27234 
27235 7550 4.0 7926 1.0 12730 1.0 15223 1.0 16536 1.0 24196 1.0 28571 5.0 48003 1.0 89942 1.0 108565 1.0 347014 1.0
27243 6962 1.0 18400 1.0 18401 1.0
27335 27336 1.0
27336 26830 1.0 27335 1.0 228352 1.0
27390 12428 2.0 16105 1.0
27640 
28161 
28163 28164 5.0 28165 1.0
28164 28163 5.0 28165 1.0 110436 2.0
28165 28163 1.0 28164 1.0
28185 535581 1.0
28338 
28570 
28571 7550 1.0 16536 1.0 25164 1.0 27235 5.0 41888 1.0 150077 1.0 375885 1.0
28609 
28611 22078 2.0 66509 1.0
28644 28668 2.0
28668 28644 2.0
28677 30017 3.0 42520 2.0 48525 1.0 74801 4.0 81919 7.0 158572 1.0
28694 19086 2.0 19088 1.0
28826 376855 1.0
28840 
29067 8766 1.0 16235 1.0 19084 1.0 30843 1.0 38025 1.0 38996 1.0 89031 2.0
29099 
29237 
29286 12730 1.0 552554 2.0 569537 1.0
29486 
29518 16536 1.0 22278 1.0 30632 2.0 59506 1.0 144958 1.0
29876 
30016 108565 1.0
30017 28677 3.0 42520 1.0 48525 1.0 81919 1.0
30138 
30187 19223 1.0
30296 107690 1.0 155301 1.0
30342 12730 2.0 30343 2.0
30343 5452 1.0 12730 3.0 30342 2.0
30381 2587 1.0 73678 1.0
30405 11714 1.0
30632 29518 2.0 59506 1.0 86232 1.0
30634 
30745 
30757 
30842 
30843 29067 1.0
30883 
30923 4504 1.0 4505 1.0 7195 1.0
30983 
31036 122649 2.0
31259 37918 1.0 89632 1.0
31488 21429 2.0 32076 1.0
31489 
31490 11714 1.0 37298 1.0 390625 1.0
31763 105056 1.0
31942 
32076 31488 1.0
32177 
32183 32184 3.0
32184 32183 3.0
32189 10233 2.0 18418 1.0 38149 2.0
32327 4997 1.0 5119 1.0
32353 
32356 
32470 
32546 
32574 
32707 123663 1.0
32760 38996 1.0 55016 1.0
32889 
32989 134201 1.0 145822 1.0
33342 
33402 
33431 9769 1.0
33442 37235 1.0
33452 5410 2.0
33508 
33719 7857 1.0 11717 2.0 15423 3.0 37896 1.0 146659 1.0 460550 1.0
33828 
33895 9769 2.0 38868 4.0 70853 3.0
33923 9375 3.0 25219 1.0
34156 37044 1.0 391389 1.0
34163 4678 1.0
34233 155301 1.0
34322 
34405 
34466 
34617 54642 1.0
34678 
35110 
35111 99448 1.0
35127 
35158 
35283 
35389 
35413 135751 2.0
35429 
35444 
35478 1018 1.0
35608 135191 3.0
35709 2800 1.0 4549 3.0 305557 1.0
35785 
35939 6714 2.0 21962 1.0 25329 2.0
36023 
36267 2184 2.0 7280 4.0 129673 2.0
36621 4266 1.0
36625 5709 1.0 94100 1.0 329507 1.0
36641 749 1.0 58674 1.0
36689 
37044 34156 1.0 266194 1.0 569727 1.0
37171 
37234 37257 2.0
37235 33442 1.0 356194 1.0
37257 16457 4.0 37234 2.0 66950 1.0
37287 
37291 
37298 31490 1.0 37896 4.0 60139 1.0 128753 2.0 168661 4.0 210809 1.0 210810 1.0
37380 
37381 
37418 10450 2.0 22372 1.0 37419 3.0 45182 1.0
37419 37418 3.0 306762 1.0
37451 69959 1.0
37558 80698 2.0
37561 
37682 87 2.0 4256 1.0 48029 1.0 58674 1.0 79730 2.0 270614 1.0 426881 1.0 573761 2.0
37688 87 1.0 10233 1.0 25891 2.0 37836 2.0 38996 1.0 146080 1.0 244830 5.0
37692 
37694 
37756 73471 3.0 585332 1.0
37760 
37810 9375 1.0 103706 1.0 188266 2.0
37836 11318 1.0 25164 1.0 37688 2.0
37841 
37896 87 1.0 10601 1.0 25891 2.0 26838 1.0 33719 1.0 37298 4.0 43670 1.0 63717 2.0 168661 4.0
37918 955 1.0 5452 1.0 31259 1.0
37958 
37990 87 1.0
38025 2494 1.0 29067 1.0
38053 
38149 10233 1.0 11318 2.0 18418 1.0 32189 2.0 39659 1.0 40518 1.0
38323 68083 2.0
38397 55016 1.0
38531 
38607 
38705 
38868 33895 4.0 70853 2.0
38904 5410 1.0
38978 
38996 29067 1.0 32760 1.0 37688 1.0
39074 
39142 
39339 
39374 7647 1.0 18418 1.0 183967 1.0 210810 1.0 331254 1.0
39525 6380 1.0 9709 1.0 392855 2.0
39527 
39643 
39659 11318 4.0 38149 1.0 97009 2.0
39708 168661 1.0
39746 268928 1.0
39765 39766 1.0 82044 1.0
39766 10327 1.0 25891 1.0 39765 1.0 82044 1.0 159484 1.0
39858 12971 1.0
39979 
40086 
40168 199912 2.0 268928 3.0
40173 4516 1.0
40191 81630 1.0 266194 5.0
40262 3441 3.0 223954 1.0 277535 1.0
40284 
40285 
40301 
40327 81532 1.0 155301 1.0
40387 44326 1.0
40497 
40518 6805 1.0 11318 1.0 38149 1.0
40531 
40597 
40606 48193 1.0
40653 40654 5.0 147347 1.0 158541 1.0 253223 1.0 386135 1.0
40654 40653 5.0 147347 1.0
40672 91 4.0 56718 1.0 112085 1.0
40803 
40941 
40967 91 1.0 10102 1.0 56426 2.0 107748 1.0 199699 1.0 218178 1.0
41148 192402 1.0
41511 42145 2.0 81532 1.0 99448 2.0 184422 1.0
41537 
41806 18836 1.0 382546 1.0
41888 7550 1.0 25164 1.0 28571 1.0 49665 1.0 147269 3.0 150077 8.0 154996 1.0 183691 3.0 252958 7.0 375885 3.0
41892 7647 1.0 326505 2.0 383463 2.0
41950 120567 1.0
42019 16536 1.0 22278 1.0 211088 1.0
42032 
42038 
42089 
42108 
42145 2862 1.0 41511 2.0 99448 2.0
42157 
42282 
42383 
42520 28677 2.0 30017 1.0 48525 1.0 269771 1.0 389656 4.0 522830 3.0 522832 4.0
42728 
42875 
43466 
43517 
43670 91 1.0 791 2.0 37896 1.0 48455 1.0 52725 1.0 82349 2.0 83779 1.0 172390 1.0 261883 1.0
43712 
43831 
44170 91 1.0
44272 
44301 
44326 40387 1.0 57562 1.0 493850 1.0
44359 105577 2.0
44391 
44399 22093 1.0 44573 3.0
44469 
44479 
44563 
44573 44399 3.0
44574 
44576 
44664 
44712 21191 1.0
44783 203650 2.0
44961 
45182 37418 1.0
45437 
45468 
45512 
45514 48834 2.0 48835 2.0
45604 95868 1.0
45712 
45830 
46000 
46100 
46164 
46232 
46342 
47025 
47165 91 1.0
47543 3432 5.0
47606 149820 1.0
47696 
47990 
47991 57000 1.0 81558 1.0
48003 7647 1.0 27235 1.0 52781 3.0 156051 1.0 162703 1.0
48029 87 6.0 955 2.0 37682 1.0 58674 1.0 79730 3.0 81701 1.0 219898 2.0
48031 
48095 955 5.0 9860 1.0
48115 7781 2.0 107915 1.0 109785 1.0
48117 
48162 181 1.0 99197 1.0 152350 1.0
48174 25346 1.0 212101 1.0
48181 
48184 
48193 40606 1.0
48299 79730 1.0 81372 3.0
48389 
48455 91 1.0 43670 1.0 52725 1.0 83779 1.0 172390 1.0 261883 1.0
48499 
48525 20675 1.0 28677 1.0 30017 1.0 42520 1.0 135162 1.0
48730 
48740 70946 1.0
48834 45514 2.0 48835 3.0
48835 45514 2.0 48834 3.0
49209 
49210 
49319 
49322 
49482 4489 1.0 73330 1.0
49489 
49558 7195 1.0
49665 18418 1.0 41888 1.0
49718 297176 2.0
49938 87 1.0 460550 1.0
50052 
50277 
50285 13747 1.0 490813 1.0
50346 114213 1.0
50383 
50531 
50654 
50703 
50704 
50705 53824 1.0 117598 9.0
50733 1598 1.0
50809 
50834 21030 1.0 133294 1.0 143008 1.0
50875 
50906 8206 1.0 62775 1.0 126356 1.0
51413 
51430 3213 1.0
51451 
51548 3213 1.0
51559 
51561 
51647 9960 1.0
51729 
51939 89632 1.0
51946 
52161 955 1.0
52321 
52356 4266 2.0 4516 1.0
52654 52655 1.0
52655 27082 2.0 52654 1.0 107930 2.0 176933 1.0
52700 
52711 
52722 
52725 91 1.0 43670 1.0 48455 1.0 83779 1.0 172390 1.0 261883 1.0
52781 2587 1.0 25329 1.0 48003 3.0 87610 1.0 162703 2.0
53329 88817 9.0
53330 3992 1.0
53655 
53665 
53824 50705 1.0
53867 
53885 65362 2.0
53923 
53984 
53995 20675 2.0
54176 54202 1.0
54202 54176 1.0
54323 
54365 
54412 96098 12.0 478469 3.0
54489 
54548 6558 2.0 54549 1.0 430104 2.0
54549 6558 1.0 54548 1.0 430104 1.0
54642 34617 1.0 54644 2.0
54644 54642 2.0 54645 1.0
54645 54644 1.0
54786 2181 1.0
54811 
55016 32760 1.0 38397 1.0
55333 
55418 
55447 
55494 
55502 
55598 
55673 
55776 
55793 
55794 
55883 2849 4.0 20675 3.0
56392 
56426 40967 2.0 199699 1.0 218178 2.0
56487 5834 1.0 155187 2.0
56513 
56718 4678 1.0 40672 1.0 215040 1.0
56836 174694 2.0
57000 47991 1.0 81558 11.0 121606 2.0 123051 1.0
57504 
57562 44326 1.0 193478 1.0 493850 1.0
57723 522569 1.0
57957 
58310 1018 1.0 4697 1.0
58512 
58674 87 1.0 36641 1.0 37682 1.0 48029 1.0 79730 1.0 81700 1.0 81701 1.0
58733 26105 1.0 109730 1.0 184414 1.0 284394 1.0
58999 14482 1.0 458437 1.0
59030 9324 2.0
59046 
59091 
59206 9860 2.0
59234 9633 4.0
59506 29518 1.0 30632 1.0
59977 167514 2.0
60089 
60139 10259 1.0 37298 1.0 291060 1.0 362311 1.0
60146 
60207 81035 1.0
60273 
60274 977 1.0
60616 80402 1.0
60704 
60706 
60945 
60980 
61150 112085 1.0
61343 
61498 112120 2.0 386152 1.0
61696 
61824 
61825 163379 1.0 343884 2.0
61827 
62563 
62593 
62618 289946 1.0
62665 18731 1.0
62775 8206 4.0 50906 1.0 126356 5.0
62928 
63265 
63412 
63643 
63690 523624 1.0
63697 66534 1.0 66535 1.0
63701 138778 1.0
63717 87 1.0 25891 4.0 37896 2.0 82044 2.0 82045 1.0 149473 1.0
64433 7608 1.0 14879 1.0 73176 1.0
64641 64862 2.0
64674 
64862 64641 2.0
64894 
65015 
65060 
65061 420272 1.0
65140 13626 2.0 13662 1.0 21030 1.0 66729 3.0 169384 8.0
65242 
65362 53885 2.0
65543 
65566 65567 1.0 65568 1.0
65567 65566 1.0 65568 1.0 192348 2.0
65568 65566 1.0 65567 1.0
65767 
66342 20566 3.0
66405 
66407 9436 1.0
66504 
66509 28611 1.0
66534 63697 1.0 66535 1.0
66535 63697 1.0 66534 1.0
66635 
66729 13626 2.0 65140 3.0
66866 
66950 37257 1.0
67054 
67680 147454 3.0
67798 5452 1.0 25291 1.0 81645 1.0 121140 3.0 253161 1.0 343919 1.0
67963 791 4.0 81944 4.0
68042 363910 1.0
68083 38323 2.0 304807 1.0
68169 156910 1.0
68180 
68265 14512 1.0
68570 
68840 
68901 
69209 4533 1.0
69248 
69249 
69339 69341 2.0 69342 2.0 93866 1.0 157397 1.0
69341 69339 2.0 69342 2.0 93783 1.0
69342 69339 2.0 69341 2.0 91240 1.0 93783 2.0 93866 1.0 157397 1.0
69343 192402 2.0
69375 
69538 
69642 225285 1.0
69781 
69944 
69959 20793 2.0 37451 1.0 69960 4.0 69961 2.0 227896 2.0 346050 2.0 491003 2.0
69960 69959 4.0 69961 1.0 346050 2.0 491003 2.0
69961 20793 2.0 69959 2.0 69960 1.0 227896 2.0
70093 
70549 
70853 33895 3.0 38868 2.0
70901 
70946 48740 1.0
71260 91032 1.0
71371 
71633 
71656 113509 1.0
72020 
72271 
72278 230942 1.0
72620 
72685 223298 1.0
73005 
73031 73032 2.0
73032 73031 2.0 144562 1.0
73176 7608 2.0 64433 1.0
73330 4489 2.0 49482 1.0
73375 
73393 6139 2.0 159358 1.0
73395 
73427 
73471 37756 3.0 585332 1.0
73635 
73678 30381 1.0 80402 1.0
73688 
73734 9437 2.0
73996 20797 1.0 104771 1.0
74021 4718 1.0
74184 20789 10.0 446030 2.0 446031 3.0
74207 
74220 
74377 18895 2.0 25294 2.0 408084 1.0
74599 97536 1.0
74628 
74686 79725 1.0
74801 28677 4.0 158572 1.0
74839 212101 2.0
75277 
75369 
75387 
75393 21958 1.0
75937 
76000 
76012 
76211 80550 1.0
76258 
76627 82118 1.0
76711 278606 1.0
76756 
76797 
76798 2181 2.0
77128 
77559 
77961 
78144 
78436 
78675 
78726 
78806 
79022 5207 1.0 90808 1.0
79345 3394 1.0
79643 
79707 
79709 
79725 74686 1.0
79730 87 1.0 3992 1.0 37682 2.0 48029 3.0 48299 1.0 58674 1.0 426881 1.0
79821 79837 6.0 107856 1.0 294219 1.0
79837 79821 6.0 294219 1.0
79885 17851 1.0
79914 157397 1.0 189748 1.0
80050 
80227 152862 2.0
80385 
80402 60616 1.0 73678 1.0 150711 1.0 426375 1.0 569727 2.0
80550 76211 1.0 206756 1.0
80571 
80572 277315 1.0
80698 6981 1.0 37558 2.0
80735 
80749 351271 1.0 391134 1.0 423610 2.0
81035 60207 1.0
81300 197530 1.0
81372 48299 3.0
81532 40327 1.0 41511 1.0 155301 1.0 184422 1.0
81558 955 1.0 2482 1.0 16536 1.0 19220 1.0 47991 1.0 57000 11.0 144959 1.0
81561 
81597 
81629 99924 1.0 102023 1.0 576643 1.0
81630 40191 1.0 123663 1.0
81645 25291 1.0 67798 1.0 253161 1.0 343919 1.0
81700 58674 1.0 81701 1.0
81701 48029 1.0 58674 1.0 81700 1.0
81919 28677 7.0 30017 1.0
81944 791 5.0 67963 4.0
81989 5268 1.0
82044 39765 1.0 39766 1.0 63717 2.0 82045 1.0 149473 1.0
82045 63717 1.0 82044 1.0
82063 82064 1.0
82064 82063 1.0
82118 76627 1.0
82349 791 2.0 43670 2.0 82530 1.0
82403 
82432 378988 1.0
82466 
82530 82349 1.0
82672 15072 1.0 135226 2.0 304807 1.0
82885 9877 1.0
83124 14482 1.0 85663 1.0 195600 1.0
83229 14512 1.0
83493 
83779 91 1.0 4499 2.0 43670 1.0 48455 1.0 52725 1.0 172390 1.0 261883 1.0
83828 205474 3.0
84892 
84916 295223 4.0 347234 1.0
84966 9100 2.0 84967 1.0
84967 9100 1.0 84966 1.0
85032 85033 1.0
85033 85032 1.0
85341 3992 1.0 90809 3.0
85468 
85573 91 1.0
85663 14482 4.0 83124 1.0 109009 1.0 195600 1.0
86070 3373 1.0 3376 1.0
86107 
86232 30632 1.0
86296 
86519 
86655 86656 19.0 91478 1.0
86656 18400 1.0 18401 6.0 86655 19.0 91478 1.0
86946 
87046 7792 3.0 358319 3.0
87244 
87312 
87610 25329 1.0 52781 1.0
87679 87681 1.0 87682 1.0
87681 87679 1.0 87682 2.0 119272 3.0
87682 87679 1.0 87681 2.0
87787 184670 1.0
88115 
88339 
88713 
88817 53329 9.0 128302 1.0
88872 
88939 
89031 29067 2.0
89604 
89632 31259 1.0 51939 1.0
89942 21191 1.0 27235 1.0
90032 
90457 19457 1.0 197014 1.0
90808 79022 1.0
90809 85341 3.0 142372 1.0
91021 312603 1.0
91032 71260 1.0
91240 69342 1.0 93783 1.0
91478 86655 1.0 86656 1.0
91654 99514 3.0 370657 5.0
91728 
91850 
91917 
92331 
92341 
92388 
92409 92637 1.0
92593 
92594 
92637 92409 1.0
92657 4473 1.0
92866 
92876 
93092 
93159 
93303 
93604 9135 1.0
93713 
93783 69341 1.0 69342 2.0 91240 1.0 93866 1.0
93854 
93866 69339 1.0 69342 1.0 93783 1.0 157397 1.0
94100 5709 2.0 36625 1.0
94174 187585 1.0
94318 
94324 
94741 109785 2.0
95265 96493 6.0 223671 5.0 223920 6.0
95752 
95774 
95775 
95793 667 1.0 578403 1.0
95868 45604 1.0
95913 8057 1.0
95966 
96098 54412 12.0
96493 95265 6.0 223920 1.0
96577 
96734 
97007 
97009 11318 2.0 39659 2.0
97133 
97521 
97536 74599 1.0
97637 16282 1.0 23088 8.0 199699 2.0 557511 1.0
98376 4504 1.0 4997 1.0 26105 1.0 329507 1.0
98418 
98597 
98866 
98938 313057 1.0
99032 
99140 
99197 181 1.0 48162 1.0 152350 1.0
99448 35111 1.0 41511 2.0 42145 2.0
99514 4929 1.0 7981 2.0 91654 3.0 370657 3.0
99694 
99924 81629 1.0
99976 
100037 
100097 12887 1.0 18265 1.0
100319 
100341 470913 1.0
100442 7559 1.0
100676 10186 1.0 138772 2.0 362311 1.0
101195 
101642 
102023 25329 1.0 81629 1.0
102207 
102463 
102526 
102578 
102796 
102832 371218 1.0
102910 144959 1.0
103029 14894 1.0 103064 1.0
103064 103029 1.0
103079 
103111 
103545 
103622 
103706 37810 1.0 137428 1.0
103744 
103758 
104216 8609 2.0
104350 
104738 
104771 20797 1.0 73996 1.0
104848 156051 2.0
105056 31763 1.0 129309 1.0
105107 
105166 22236 1.0
105168 4467 1.0 193068 1.0
105354 
105396 
105450 573761 1.0
105577 44359 2.0
105987 
106073 
106188 
106226 262886 1.0
106679 
107231 
107238 18634 1.0
107304 326929 3.0
107557 
107690 8766 3.0 30296 1.0 112156 2.0 112244 1.0
107748 10102 1.0 40967 1.0
107856 79821 1.0
107915 7781 1.0 48115 1.0 109785 3.0
107922 
107930 27082 2.0 52655 2.0
108304 
108565 27235 1.0 30016 1.0
108758 108760 1.0
108760 16284 1.0 108758 1.0
108792 
109009 14482 1.0 85663 1.0
109325 
109447 19195 1.0 19223 1.0 22990 1.0
109499 
109570 
109618 
109730 58733 1.0 184414 2.0
109785 7781 1.0 48115 1.0 94741 2.0 107915 3.0 239761 2.0
110436 28164 2.0 390625 1.0
110705 
110979 
111273 
111894 
112085 91 1.0 40672 1.0 61150 1.0
112120 61498 2.0 386152 1.0
112156 8766 3.0 107690 2.0
112209 112210 1.0
112210 112209 1.0
112244 107690 1.0
112472 
113353 
113509 71656 1.0
113723 
114022 
114213 50346 1.0
114684 
114924 
115416 277535 1.0
115698 26293 1.0
115905 
116305 
116683 18634 1.0
117598 50705 9.0
117923 
118336 
118347 
118429 20676 1.0
119272 87681 3.0
119406 
119887 
120240 
120567 41950 1.0 134201 1.0
120603 879 1.0
120980 
121140 5452 1.0 67798 3.0
121300 
121364 184414 1.0
121497 9872 2.0
121566 
121584 16951 1.0 143427 1.0
121605 13747 1.0 13758 11.0 23088 1.0 121606 1.0 210810 1.0 376061 2.0
121606 9860 1.0 13747 1.0 13758 1.0 57000 2.0 121605 1.0 123051 1.0 144313 1.0 376061 1.0
121627 
121760 
122107 
122649 24938 1.0 31036 2.0
122799 175839 1.0 543758 1.0
122961 
123011 3190 1.0 128391 1.0 129673 1.0
123051 955 2.0 2482 2.0 57000 1.0 121606 1.0
123078 
123663 32707 1.0 81630 1.0 211088 1.0
123810 
124215 
124943 188414 3.0
125197 11700 1.0
126352 198890 1.0
126356 8206 6.0 50906 1.0 62775 5.0
126811 548368 1.0
128296 
128302 88817 1.0
128334 
128391 3190 1.0 123011 1.0 129673 2.0
128753 37298 2.0
128869 
128885 
129309 105056 1.0
129403 
129673 3190 1.0 7280 2.0 36267 2.0 123011 1.0 128391 2.0
129690 
129832 
129931 
129978 
130432 
130573 
130808 
131373 
131591 
131851 253958 1.0
132213 
132415 
132568 468508 1.0
132819 
132821 146080 1.0
132887 216276 2.0 245301 1.0 245789 2.0 338299 2.0
132927 
133294 50834 1.0
133331 147454 1.0
134201 32989 1.0 120567 1.0 326999 1.0 343884 1.0
134235 
134985 
135162 48525 1.0
135191 35608 3.0
135226 82672 2.0
135751 35413 2.0
135794 
136176 
136207 10102 1.0
137348 
137428 15223 1.0 103706 1.0
138772 100676 2.0
138778 63701 1.0
140112 157378 1.0
140992 7501 1.0 193925 1.0
141300 488489 1.0
141519 325273 1.0 382546 2.0
141534 
141715 
141830 
142372 90809 1.0
143008 21030 1.0 50834 1.0
143275 
143300 
143310 
143425 143427 1.0
143427 16951 1.0 121584 1.0 143425 1.0
143579 
143674 
143763 
143891 555531 1.0
144313 13747 2.0 121606 1.0 210810 1.0
144473 167514 1.0
144562 73032 1.0 198368 1.0
144579 
144716 
144958 22278 2.0 29518 1.0 144959 1.0
144959 3992 1.0 81558 1.0 102910 1.0 144958 1.0
145106 6714 1.0
145574 
145822 32989 1.0
145900 
146080 37688 1.0 132821 1.0
146659 15423 1.0 33719 1.0
146816 
146945 
146946 
147096 
147268 
147269 7550 1.0 41888 3.0 150077 1.0 183691 2.0
147346 147347 1.0
147347 40653 1.0 40654 1.0 147346 1.0
147454 67680 3.0 133331 1.0
147565 4487 1.0 4489 1.0
148434 224325 1.0
148757 
148840 
148848 
148852 
149348 
149448 301113 1.0
149473 3992 2.0 63717 1.0 82044 1.0
149552 
149820 47606 1.0
149827 
150077 25164 1.0 28571 1.0 41888 8.0 147269 1.0 252958 4.0 375885 3.0
150377 15423 1.0
150711 80402 1.0 426375 1.0
151326 
151865 
152136 
152350 181 1.0 48162 1.0 99197 1.0
152862 80227 2.0
153192 12730 2.0
153868 
154996 41888 1.0
155187 5834 1.0 56487 2.0
155301 10233 1.0 30296 1.0 34233 1.0 40327 1.0 81532 1.0
155490 270597 1.0
155792 9261 1.0
156049 
156051 6714 1.0 18880 1.0 48003 1.0 104848 2.0 187585 1.0 233577 1.0
156335 25346 1.0
156720 
156859 9497 1.0
156910 68169 1.0
157193 
157378 16223 1.0 140112 1.0
157397 69339 1.0 69342 1.0 79914 1.0 93866 1.0 251761 1.0
157417 
157787 
157907 25711 3.0 327088 2.0
157968 
158016 
158361 158362 1.0 421339 2.0
158362 158361 1.0 421339 1.0
158541 40653 1.0 386135 1.0
158572 28677 1.0 74801 1.0
158738 349167 1.0
159358 73393 1.0
159383 270597 1.0
159450 
159484 10327 1.0 39766 1.0
159775 
160006 
160164 
160556 
160560 207911 3.0 251871 3.0
160926 
160955 
161333 
161367 
161808 
162078 
162204 
162703 2300 1.0 48003 1.0 52781 2.0 184422 2.0
162824 9375 2.0 25219 2.0
163108 759 6.0 313393 1.0
163355 
163379 61825 1.0
163405 270597 2.0
163845 
163867 
164389 
165010 358319 2.0
165333 2150 1.0
165598 
165710 
165714 
165716 
166063 
166733 
166767 184414 1.0
167004 
167259 
167514 59977 2.0 144473 1.0
167924 
168036 168037 2.0
168037 168036 2.0
168661 37298 4.0 37896 4.0 39708 1.0
168709 198889 1.0 198890 1.0 198891 1.0 513855 1.0
168955 
169384 13625 2.0 21030 2.0 65140 8.0
169540 15949 1.0
170380 
170402 
170993 
172390 91 1.0 43670 1.0 48455 1.0 52725 1.0 83779 1.0 261883 1.0
172578 
172910 
173389 
173390 
173556 
173603 
174230 
174410 
174456 
174505 
174694 56836 2.0
175675 
175754 
175839 122799 1.0
175998 
176859 
176933 52655 1.0
177300 
177369 
177680 
178233 
179016 
179078 
179741 
180680 
181166 
181577 
181646 
182283 
182284 
182857 
183372 
183691 7550 1.0 41888 3.0 147269 2.0
183967 5815 3.0 39374 1.0
184057 
184090 
184095 2849 1.0
184414 58733 1.0 109730 2.0 121364 1.0 166767 1.0
184422 2300 1.0 41511 1.0 81532 1.0 162703 2.0
184668 184670 1.0
184670 2300 1.0 87787 1.0 184668 1.0 220371 1.0 241600 1.0
185744 
186695 
186711 
186833 
186895 
187141 
187585 94174 1.0 156051 1.0
188266 25329 1.0 37810 2.0
188414 124943 3.0
188770 
188900 
189113 2534 1.0
189672 
189748 79914 1.0
189763 
189848 
189902 
189943 7195 1.0
191491 
191596 
191605 590963 1.0
192225 
192348 65567 2.0
192402 41148 1.0 69343 2.0
193068 989 1.0 8744 1.0 10102 1.0 105168 1.0
193478 57562 1.0
193925 140992 1.0
194137 
194277 
194485 
194730 
195048 3992 1.0
195600 14482 1.0 83124 1.0 85663 1.0
196174 
197014 19457 1.0 90457 1.0
197442 
197530 81300 1.0
197567 
198115 198117 1.0
198117 198115 1.0
198142 
198368 144562 1.0
198385 18418 1.0
198518 343567 5.0
198534 
198676 
198889 168709 1.0 198890 2.0 198891 1.0 513855 1.0
198890 126352 1.0 168709 1.0 198889 2.0 198891 1.0 513855 1.0
198891 168709 1.0 198889 1.0 198890 1.0 513855 1.0
199699 23088 2.0 40967 1.0 56426 1.0 97637 2.0
199706 10327 2.0 270943 4.0
199912 40168 2.0
199933 
200056 
200444 
201015 
201235 
203074 
203402 
203539 
203650 44783 2.0
203846 
204132 
204513 18418 1.0
205126 
205474 83828 3.0
205481 
205662 
205709 4561 2.0 10014 1.0 293974 1.0
206235 
206256 2582 1.0
206756 80550 1.0
207034 
207911 160560 3.0 251871 6.0 365406 1.0
208408 
210809 37298 1.0 210810 1.0
210810 13747 1.0 13758 1.0 37298 1.0 39374 1.0 121605 1.0 144313 1.0 210809 1.0 331254 1.0
211088 4256 1.0 9613 1.0 42019 1.0 123663 1.0
211251 
211718 
212101 48174 1.0 74839 2.0
212842 
212843 
214439 7309 4.0 288850 2.0
214993 955 1.0 4969 1.0 16223 1.0
215040 56718 1.0
215702 
216276 749 1.0 132887 2.0 338299 4.0
216513 
217206 
217648 
218178 40967 1.0 56426 2.0
219103 
219116 
219675 
219898 48029 2.0
220371 2300 1.0 184670 1.0
221822 
221928 
221943 
222170 222171 4.0 224908 3.0
222171 222170 4.0 224908 3.0 880527 2.0 880528 2.0
222565 354633 1.0
223298 72685 1.0 460550 1.0
223671 95265 5.0
223748 
223920 95265 6.0 96493 1.0
223954 25507 1.0 40262 1.0
224325 10102 1.0 148434 1.0
224908 222170 3.0 222171 3.0
224918 
225257 
225276 
225285 69642 1.0
225527 
226311 
227282 3992 1.0
227518 
227608 
227741 
227852 5815 1.0
227896 20793 2.0 69959 2.0 69961 2.0
228320 
228352 27336 1.0
228589 
230942 17834 1.0 72278 1.0
231966 445293 1.0
232199 
232500 
233577 156051 1.0
234599 
234911 558464 1.0
235113 
235562 326929 3.0
235582 
236785 
238082 
239761 109785 2.0
240140 14880 2.0 458437 2.0
241600 184670 1.0 426996 4.0
242118 
242273 
242683 9860 1.0 15223 1.0
244617 
244728 
244830 37688 5.0
245301 132887 1.0 245789 1.0
245385 7921 1.0
245789 132887 2.0 245301 1.0
246714 
249670 
249975 3127 1.0
250270 
250607 
250850 
251736 
251761 157397 1.0
251871 160560 3.0 207911 6.0 365406 1.0
252348 19084 1.0 19086 1.0 19088 1.0
252958 41888 7.0 150077 4.0 375885 2.0 575676 1.0
253161 25291 1.0 67798 1.0 81645 1.0 343919 3.0
253223 40653 1.0
253958 131851 1.0
255824 15949 1.0
256190 
256450 
257328 4489 1.0
259751 23894 1.0
261409 
261883 91 1.0 43670 1.0 48455 1.0 52725 1.0 83779 1.0 172390 1.0
262289 
262776 
262826 
262886 106226 1.0
264470 294172 1.0
264795 
265022 
265788 
265808 
266194 37044 1.0 40191 5.0
266853 
267695 
268928 39746 1.0 40168 3.0
269660 15559 2.0
269661 
269727 
269771 42520 1.0 522832 1.0
269772 
270523 
270594 
270597 155490 1.0 159383 1.0 163405 2.0
270614 37682 1.0
270943 10327 3.0 199706 4.0
271378 
272171 
272212 
272221 360256 1.0
272238 
272270 
272356 
272693 
273008 
273432 
274001 
275259 
275325 13210 3.0
277275 
277315 80572 1.0
277535 40262 1.0 115416 1.0
278606 76711 1.0
278713 
280140 
283877 663289 1.0
284394 26105 1.0 58733 1.0
288850 214439 2.0
289448 
289946 62618 1.0
290102 
290323 
290843 13908 1.0 291232 1.0
291060 60139 1.0
291232 13908 1.0 290843 1.0
293255 
293582 
293974 4561 1.0 10014 2.0 205709 1.0
294172 264470 1.0
294219 79821 1.0 79837 1.0
294286 
294814 26877 1.0
295133 
295223 84916 4.0
296416 
296619 
297176 49718 2.0
297867 
300850 7781 1.0 16147 1.0 16151 1.0
301052 
301082 
301113 149448 1.0
301816 
302469 313431 4.0
303166 
303712 
304329 22278 1.0
304807 15072 1.0 68083 1.0 82672 1.0
305557 2800 1.0 35709 1.0
306762 37419 1.0
306832 
309444 
312603 91021 1.0
313057 98938 1.0
313393 163108 1.0
313431 302469 4.0
315891 
316572 
317305 14512 4.0
318007 
319455 3992 1.0
321302 
322126 
324571 
325273 141519 1.0
325280 5250 1.0 18809 1.0
326505 41892 2.0
326929 107304 3.0 235562 3.0
326999 134201 1.0
327030 
327088 25711 3.0 157907 2.0
328734 
329507 4504 1.0 4997 1.0 26105 1.0 36625 1.0 98376 1.0
330845 
331254 39374 1.0 210810 1.0
335103 
336857 8236 1.0
338066 
338299 132887 2.0 216276 4.0
343567 198518 5.0
343884 61825 2.0 134201 1.0
343919 25291 1.0 67798 1.0 81645 1.0 253161 3.0
344578 
344595 
344842 
346050 69959 2.0 69960 2.0 491003 2.0
347014 27235 1.0
347234 84916 1.0
347490 
348174 
349167 158738 1.0
350603 
351271 80749 1.0 391134 1.0 423610 1.0 535549 1.0
351515 
351883 
351896 
354517 
354633 222565 1.0
356194 37235 1.0
356291 
356325 
357109 16149 2.0
357149 7974 6.0 436421 3.0
357722 
358319 7792 3.0 87046 3.0 165010 2.0
358398 
358752 
359655 
360256 272221 1.0
362311 60139 1.0 100676 1.0
362408 
362769 
363343 531227 1.0
363910 68042 1.0
365406 207911 1.0 251871 1.0
365700 
365788 749 1.0
366065 
367123 428064 1.0
367799 
368615 
370657 91654 5.0 99514 3.0
371141 
371218 102832 1.0
372871 
374781 17851 2.0
375162 
375885 8236 1.0 25164 1.0 28571 1.0 41888 3.0 150077 3.0 252958 2.0
376061 13758 2.0 23088 1.0 121605 2.0 121606 1.0
376463 
376824 
376855 28826 1.0
377548 
378093 
378988 82432 1.0
382209 
382235 
382546 18836 1.0 41806 1.0 141519 2.0
383463 41892 2.0
383982 
386135 40653 1.0 158541 1.0
386152 61498 1.0 112120 1.0
386443 
386528 
387078 
387948 
389656 42520 4.0 522830 3.0 522832 3.0
389674 18634 1.0
390294 
390353 
390625 2494 2.0 11714 1.0 31490 1.0 110436 1.0
391134 80749 1.0 351271 1.0 423610 1.0
391389 34156 1.0
391523 21222 1.0
391622 
392855 39525 2.0
394675 
400266 
401061 
401561 
402282 
402430 
403903 578835 1.0
408084 25294 2.0 74377 1.0 748413 1.0
413250 24479 5.0
414632 
416517 
417896 
419316 
419526 25183 1.0 470913 1.0
420272 65061 1.0
421339 158361 2.0 158362 1.0
423336 21136 1.0 588828 1.0
423610 80749 2.0 351271 1.0 391134 1.0
426073 1524 1.0 25346 2.0
426375 80402 1.0 150711 1.0
426881 4256 1.0 37682 1.0 79730 1.0
426996 241600 4.0
428064 367123 1.0
429894 
430104 6558 4.0 54548 2.0 54549 1.0
431049 
433623 
435131 25291 3.0
436421 7974 2.0 357149 3.0
439174 
440170 
445047 
445293 231966 1.0
445880 
446030 20789 3.0 74184 2.0 446031 3.0
446031 20789 4.0 74184 3.0 446030 3.0
449548 
450328 6139 1.0 19086 1.0 19088 1.0
451675 
456291 
457361 
457981 
458437 14880 2.0 58999 1.0 240140 2.0
458622 4256 1.0
459063 
460550 33719 1.0 49938 1.0 223298 1.0
464535 3127 2.0
466526 
466540 
466652 
468508 132568 1.0
470913 25183 1.0 100341 1.0 419526 1.0
478469 54412 3.0
487012 
488489 141300 1.0
490741 
490813 50285 1.0
491003 69959 2.0 69960 2.0 346050 2.0
491504 
493850 44326 1.0 57562 1.0
495491 24479 3.0
496813 
504963 
507201 
507832 
508057 
511540 
513679 4768 1.0
513773 
513855 168709 1.0 198889 1.0 198890 1.0 198891 1.0
514517 
515313 
517210 5410 2.0
517972 
520285 14893 2.0 601241 1.0
522569 21191 2.0 57723 1.0
522830 42520 3.0 389656 3.0 522832 2.0
522832 42520 4.0 269771 1.0 389656 3.0 522830 2.0
523624 63690 1.0
524474 
530409 
531227 363343 1.0
535549 351271 1.0
535580 535581 4.0
535581 28185 1.0 535580 4.0
535594 8609 1.0
537987 
538556 26376 1.0
540484 
540949 
541943 
542893 593661 1.0
543758 122799 1.0
548368 126811 1.0
552554 29286 2.0 569537 1.0
554287 25265 1.0
555531 143891 1.0
557511 16282 1.0 16536 1.0 97637 1.0
558464 234911 1.0
558503 
559417 25891 1.0
562316 
564213 
564486 
569537 29286 1.0 552554 1.0
569727 37044 1.0 80402 2.0
573761 37682 2.0 105450 1.0
575676 252958 1.0
576643 81629 1.0
576869 
578403 95793 1.0
578835 403903 1.0
583800 
585332 37756 1.0 73471 1.0
588828 21136 1.0 423336 1.0
588975 
590963 191605 1.0
591856 
593661 542893 1.0
596265 
601241 520285 1.0
608480 
609701 
610612 
614342 
616543 
618340 618342 1.0
618342 618340 1.0
622034 
633992 
635532 
640593 
640906 
647982 
650640 
655198 
657425 
663289 283877 1.0
665601 
671639 
675209 
678189 
730481 
733030 
734253 
744305 
748413 408084 1.0
748906 
770784 
789629 
794766 
796010 
826422 
843250 
875538 
880527 222171 2.0 880528 2.0
880528 222171 2.0 880527 2.0
880870 
914564 
937809 
941650 
958935 
1238998 
1263986 
1434303 
1684818 
1947141 
