87 13758 1.0 25891 1.0 48029 1.0 60945 1.0 79730 1.0 141519 1.0
91 181 1.0 27243 1.0 40672 5.0 40967 1.0 44479 1.0 47165 1.0 81944 1.0 107748 1.0 368615 2.0 466540 1.0
100 
103 
181 91 1.0
259 
260 
457 
656 
667 12730 1.0 15423 1.0 27235 1.0 28826 1.0 60139 1.0 104848 1.0 114213 1.0
749 
759 2460 1.0 163108 2.0
791 67963 2.0 81944 3.0
807 
808 
848 4904 1.0 12887 1.0
879 25890 1.0 25891 1.0 37688 1.0 37810 1.0 82044 1.0 155490 1.0 270597 1.0
953 
955 4274 1.0 6805 1.0 9860 1.0 24665 1.0 48095 3.0 52161 1.0 59206 1.0 214993 2.0
977 
989 4467 1.0 105168 1.0
1018 
1524 25346 1.0 37298 1.0 116683 1.0 426073 2.0
1584 21003 1.0
1588 
1593 
1598 30296 1.0 143275 1.0
1776 
1864 
1919 
2150 5268 2.0
2171 18835 3.0 18849 1.0 35608 2.0 135191 1.0
2176 
2181 76798 1.0
2184 7280 1.0 36267 1.0 44563 1.0 97007 1.0
2200 
2204 16235 3.0 21191 2.0 614342 1.0 914564 1.0
2246 2534 1.0
2300 7921 1.0 8609 1.0 48003 1.0 244728 1.0
2455 
2460 759 1.0
2482 2955 1.0 198518 1.0
2494 11714 2.0 198385 1.0 211088 1.0 390625 5.0 391389 1.0
2517 26105 1.0
2534 2246 1.0 70901 1.0 189113 2.0
2558 
2580 
2582 206256 3.0
2587 8093 1.0 25219 1.0 30381 2.0 37287 2.0 40327 1.0 48003 1.0 81645 1.0 110436 1.0 124943 1.0 245385 1.0 356194 1.0
2800 35709 3.0 305557 3.0
2849 55883 3.0
2862 9116 1.0
2863 
2867 
2953 
2955 2482 1.0
3010 3042 2.0
3042 3010 2.0
3127 249975 1.0
3161 
3190 10601 1.0
3213 51548 1.0
3343 
3373 3375 5.0 15072 1.0 129978 2.0
3375 3373 5.0 129978 2.0
3376 
3394 9419 3.0 79345 1.0 135162 3.0 177300 3.0 220371 1.0 252348 1.0
3432 
3441 40173 1.0
3631 
3988 44170 1.0 45182 1.0
3992 10102 1.0 32707 1.0 40173 1.0 49665 1.0 53329 1.0 53330 13.0 128869 1.0 187585 1.0 227282 2.0 266853 1.0
3993 
4221 13747 3.0 43517 1.0
4256 4274 1.0 7981 1.0 48499 1.0 56718 1.0
4266 4516 1.0 36621 2.0 52356 1.0
4274 955 1.0 4256 1.0 6139 1.0 7691 1.0 7692 1.0 7981 1.0 29518 1.0 48499 1.0
4291 
4447 43670 1.0 99694 1.0
4467 989 1.0 105168 2.0
4473 4533 1.0 43712 1.0 46100 2.0 167259 1.0
4474 4904 2.0 50834 1.0 105166 1.0
4480 
4487 4489 1.0 147565 2.0 189902 1.0
4489 4487 1.0 73330 1.0 147565 1.0
4499 
4500 
4504 4505 2.0 4997 1.0 26105 1.0 37682 1.0 38996 1.0 73678 1.0 91917 1.0 98376 1.0 329507 1.0
4505 4504 2.0 8214 1.0 9324 1.0 13747 1.0 13758 1.0 30923 1.0 47991 1.0 376061 1.0
4516 4266 1.0 40173 1.0 52356 1.0
4529 4561 1.0 4697 1.0
4533 4473 1.0 46100 1.0
4546 
4549 35709 1.0
4556 37235 1.0
4561 4529 1.0 4697 1.0 205709 1.0
4678 34163 1.0
4697 4529 1.0 4561 1.0
4718 
4737 22984 3.0
4768 
4904 848 1.0 4474 2.0 92657 1.0 105166 1.0
4928 4929 1.0
4929 4928 1.0 4969 1.0
4969 4929 1.0 214993 1.0
4997 4504 1.0 4998 1.0 26105 1.0 98376 1.0 329507 1.0
4998 4997 1.0
5003 
5119 18835 1.0
5150 
5159 
5207 7195 1.0 90808 1.0
5250 30923 2.0 48029 1.0
5268 2150 2.0 5452 1.0 9613 6.0 156335 1.0 211088 1.0
5285 
5312 10327 1.0 14651 1.0 25291 1.0 95793 1.0 264470 3.0
5410 145574 1.0 517210 3.0
5441 251761 1.0
5452 5268 1.0 12730 1.0 30343 1.0 223671 1.0 301816 2.0 487012 2.0
5467 29067 1.0
5517 
5709 36625 1.0 94100 1.0
5815 183967 1.0
5834 56487 5.0 155187 3.0
5910 
5945 
6068 6098 1.0
6098 6068 1.0
6106 
6139 4274 1.0 7691 1.0 7692 2.0 19219 3.0 73393 2.0 91917 1.0
6143 
6186 
6361 
6380 
6460 
6462 
6477 23896 2.0
6558 54548 1.0
6582 
6595 
6714 145106 1.0 156051 1.0
6756 
6805 955 1.0 24665 1.0 27243 1.0 40518 4.0 198368 1.0
6962 21191 1.0 27235 1.0 41892 1.0
6981 
6984 21191 1.0 37896 1.0 147565 2.0
7039 
7195 5207 1.0 189943 3.0 426881 1.0
7231 35709 1.0
7280 2184 1.0 36267 2.0
7281 9132 2.0
7309 185744 1.0 214439 1.0 288850 2.0
7337 
7501 671639 2.0
7550 27235 5.0 42520 1.0 269771 1.0
7559 7792 1.0 65543 1.0 358319 1.0
7596 23088 1.0 97637 1.0
7608 73176 1.0 173389 2.0
7620 
7647 132213 1.0
7691 4274 1.0 6139 1.0 7692 2.0
7692 4274 1.0 6139 2.0 7691 2.0 39374 1.0 41892 6.0 91917 1.0 101195 1.0 356325 1.0
7757 7857 1.0
7766 
7781 300850 3.0
7786 
7792 7559 1.0 65543 1.0 100319 3.0 358319 4.0
7857 7757 1.0
7921 2300 1.0 25329 3.0 85032 1.0
7926 
7974 188900 1.0 357149 5.0 436421 2.0
7981 4256 1.0 4274 1.0 48499 1.0
8057 95913 1.0
8093 2587 1.0 770784 1.0
8129 459063 1.0
8206 15587 1.0 50906 2.0 62775 5.0 126356 6.0
8214 4505 1.0 13747 1.0 47991 1.0
8236 16536 2.0 19220 1.0 25291 1.0 25294 1.0 28571 1.0 375885 4.0 575676 1.0
8609 2300 1.0 50733 1.0 87610 1.0 104216 1.0 347490 1.0
8744 
8766 95793 1.0 107690 9.0 112156 4.0 294172 2.0
8926 8928 1.0
8927 
8928 8926 1.0
9064 
9092 13650 1.0 57723 1.0 94174 1.0
9100 84967 1.0
9116 2862 1.0
9122 50834 1.0
9132 7281 2.0
9135 
9158 98418 1.0
9261 14806 1.0
9280 
9324 4505 1.0 86655 1.0
9375 25219 3.0 33923 2.0 162824 1.0
9405 
9419 3394 3.0
9436 9437 1.0 23451 1.0
9437 9436 1.0 23451 1.0
9496 
9497 9643 4.0 18066 2.0 156859 1.0
9579 
9613 5268 6.0 9645 2.0 211088 3.0
9633 59234 3.0
9639 
9643 9497 4.0 18066 2.0
9645 9613 2.0 211088 1.0
9662 
9701 
9709 
9711 
9715 
9741 10100 2.0
9757 
9769 33431 2.0 33895 2.0 38868 2.0 70853 2.0
9860 955 1.0 10100 1.0 59206 2.0 135794 2.0
9872 121497 1.0
9877 82885 1.0
9950 
9960 
9965 25265 2.0
9994 33342 1.0 186895 5.0
10014 
10100 9741 2.0 9860 1.0 38149 1.0
10102 3992 1.0 75277 1.0 193068 1.0 224325 1.0
10186 10233 3.0 16536 1.0 25329 1.0 28826 1.0 74377 1.0
10196 68901 2.0
10223 174505 1.0
10233 10186 3.0 12863 1.0 27235 1.0 32189 4.0 39708 1.0 81561 1.0 155301 1.0 168661 2.0 225527 1.0
10235 
10259 15159 4.0
10285 
10303 93159 1.0
10327 5312 1.0 15949 1.0 199706 1.0 270943 5.0
10357 
10358 16149 1.0
10450 10563 1.0 73996 4.0 88339 1.0 93303 1.0
10545 
10562 
10563 10450 1.0 88339 1.0 93303 1.0
10598 
10601 3190 1.0 27243 4.0
10758 
11048 
11134 
11318 39659 1.0 40262 1.0 97009 2.0 198368 1.0
11319 
11454 
11515 
11700 27640 1.0
11714 2494 2.0 11717 2.0 55016 2.0 79821 1.0 141300 5.0 155301 1.0 278713 1.0 390625 5.0 488489 3.0
11717 11714 2.0 33719 1.0
12428 429894 1.0
12520 
12725 
12730 667 1.0 5452 1.0 21191 2.0 27235 11.0 30342 1.0 30343 6.0 153192 1.0 227852 1.0
12855 
12863 10233 1.0 27235 1.0
12887 848 1.0 95752 1.0
12958 
12971 
13210 275325 3.0
13385 
13467 
13507 
13625 
13626 13662 1.0 65140 2.0 66729 1.0
13650 9092 1.0 23451 1.0 203846 1.0
13662 13626 1.0 65140 6.0 96577 1.0 169384 2.0
13747 4221 3.0 4505 1.0 8214 1.0 13758 3.0 43517 1.0 47991 1.0 50285 1.0 121605 4.0 210810 2.0
13758 87 1.0 4505 1.0 13747 3.0 48029 1.0 121605 8.0 210810 1.0 270614 1.0 376061 4.0
13880 174456 1.0
13908 
13942 
14217 
14223 
14264 206756 1.0 217648 1.0
14301 
14302 
14327 
14474 99448 1.0 362311 1.0
14482 58999 1.0 85663 1.0 109009 1.0
14508 
14512 
14650 41148 1.0 184422 1.0
14651 5312 1.0
14654 
14671 
14707 18261 2.0
14771 
14803 14804 2.0
14804 14803 2.0
14806 9261 1.0
14823 
14851 
14867 
14879 
14880 240140 1.0
14893 48181 2.0 81300 3.0 197530 1.0 601241 1.0 794766 1.0
14894 
15043 27235 1.0
15070 
15072 3373 1.0 504963 1.0
15159 10259 4.0
15193 
15223 27235 2.0 181577 2.0 252348 2.0 265808 2.0
15423 667 1.0 33719 2.0 49665 1.0 148852 1.0
15559 
15586 15587 4.0 70946 1.0
15587 8206 1.0 15586 4.0 126356 1.0
15875 85032 1.0 608480 1.0
15948 
15949 10327 1.0 169540 1.0
15956 60139 1.0 132568 1.0 362311 3.0
15970 
16030 
16104 16105 1.0
16105 16104 1.0 23774 2.0
16147 86656 2.0
16149 10358 1.0 74599 1.0 317305 1.0 357109 1.0
16151 300850 4.0 325280 1.0
16222 
16223 
16224 
16235 2204 3.0 914564 1.0
16280 
16282 18619 4.0 19220 2.0 29518 2.0 42089 2.0 183691 1.0 557511 3.0
16283 16284 1.0
16284 16283 1.0 108760 2.0
16401 
16457 37257 1.0
16536 8236 2.0 10186 1.0 19086 1.0 19220 1.0 22278 3.0 27243 1.0 37896 2.0 42019 1.0 57000 1.0 81558 1.0 144959 1.0 150077 1.0 375885 2.0 575676 1.0
16951 
17249 
17834 
17851 
17910 161808 1.0
17945 
18066 9497 2.0 9643 2.0
18199 
18261 14707 2.0 86296 1.0
18265 
18400 18401 2.0 27243 1.0 74377 1.0
18401 18400 2.0 86656 1.0
18418 
18455 26952 1.0 39142 1.0 82432 2.0 378988 2.0
18619 16282 4.0 19220 2.0 29518 2.0 38996 1.0 42089 2.0 557511 2.0 576869 1.0
18634 25291 1.0
18675 
18731 
18809 35608 1.0
18813 21958 1.0 81919 1.0 156051 1.0
18835 2171 3.0 5119 1.0 18849 3.0 20675 1.0 53995 1.0
18836 
18849 2171 1.0 18835 3.0
18880 41950 1.0
18895 73678 2.0 84892 1.0 89031 1.0
18923 
18959 
18971 
19084 103079 1.0 252348 1.0
19085 
19086 16536 1.0 19209 1.0 22278 1.0 42019 1.0
19088 252348 1.0
19132 19223 1.0 103079 1.0
19195 
19209 19086 1.0
19210 
19219 6139 3.0 73393 1.0
19220 8236 1.0 16282 2.0 16536 1.0 18619 2.0 29518 5.0 42089 2.0 57000 3.0 81558 4.0 557511 2.0
19223 19132 1.0 30187 4.0
19457 227518 1.0
19534 69375 1.0
19761 
19921 
20450 95868 5.0
20566 
20602 
20638 
20675 18835 1.0 109009 1.0 120980 1.0
20676 
20703 
20789 74184 4.0 306762 1.0 446030 3.0 446031 3.0
20793 20795 2.0 69959 1.0 69961 1.0 227896 1.0
20795 20793 2.0 491003 2.0
20797 73996 3.0 104771 3.0
21003 1584 1.0
21030 
21136 30983 1.0 33719 2.0 195048 1.0 588828 1.0
21159 
21160 
21191 2204 2.0 6962 1.0 6984 1.0 12730 2.0 87787 1.0 89942 2.0 198368 2.0 522569 1.0
21196 609701 3.0
21221 21222 1.0
21222 21221 1.0 40653 1.0 50531 2.0 234911 5.0 253223 1.0 391523 6.0 558464 3.0 734253 2.0
21318 21319 1.0
21319 21318 1.0
21429 31488 1.0
21497 
21519 33508 2.0
21746 21747 2.0
21747 21746 2.0
21958 18813 1.0
21962 35939 1.0 378093 2.0
22078 
22093 
22198 
22236 
22278 16536 3.0 19086 1.0 29518 3.0 42019 1.0 59506 1.0 102910 2.0 144958 2.0 144959 1.0
22372 
22733 
22962 
22984 4737 3.0 28826 1.0 36641 1.0 74377 1.0 92876 1.0 103758 1.0 123663 1.0
22990 
23088 7596 1.0 48525 1.0 97637 5.0 123663 2.0 199699 1.0
23203 
23335 
23345 
23451 9436 1.0 9437 1.0 13650 1.0
23774 16105 2.0
23894 259751 3.0
23896 6477 2.0
24072 45712 1.0 102463 1.0 109730 1.0 166767 1.0
24079 
24196 
24281 
24315 
24316 
24404 
24479 230942 2.0 302469 1.0 313431 1.0 413250 5.0 495491 1.0
24550 
24602 
24665 955 1.0 6805 1.0
24693 
24938 
25164 28571 3.0 37836 2.0 41888 9.0 128302 1.0 150077 2.0 252958 2.0
25183 288850 1.0 419526 3.0
25219 2587 1.0 9375 3.0 33923 2.0 105354 1.0 162824 1.0
25265 9965 2.0
25291 5312 1.0 8236 1.0 18634 1.0 38025 1.0 48174 1.0 50383 1.0 67798 1.0 245385 1.0 375885 1.0 435131 1.0
25294 8236 1.0 74377 1.0 408084 1.0
25329 7921 3.0 10186 1.0 41888 2.0 75277 1.0 154996 2.0 255824 1.0 573761 1.0
25346 1524 1.0 48174 1.0 426073 1.0
25367 
25471 
25507 28677 1.0 40597 1.0 74801 1.0 81701 1.0 81919 1.0
25572 
25711 157907 1.0 327088 1.0
25834 
25890 879 1.0 25891 1.0 37688 1.0 82044 1.0
25891 87 1.0 879 1.0 25890 1.0 29099 1.0 32707 1.0 37688 1.0 37896 2.0 41892 1.0 63717 3.0 82044 1.0 198142 1.0 326505 1.0 559417 1.0
26092 27235 1.0
26105 2517 1.0 4504 1.0 4997 1.0 98376 1.0 329507 1.0
26293 
26376 26377 2.0 82432 2.0 378988 2.0 538556 2.0
26377 26376 2.0 538556 1.0
26475 
26731 
26821 191596 1.0
26830 27336 2.0
26838 204513 1.0
26877 211088 1.0
26952 18455 1.0 39142 1.0
27063 
27082 
27234 
27235 667 1.0 6962 1.0 7550 5.0 10233 1.0 12730 11.0 12863 1.0 15043 1.0 15223 2.0 26092 1.0 29286 2.0 37836 1.0 86946 1.0 89942 1.0 147269 1.0 198518 1.0 227852 1.0 343567 1.0 522569 1.0
27243 91 1.0 6805 1.0 10601 4.0 16536 1.0 18400 1.0 40518 1.0 40967 2.0 107748 1.0
27335 
27336 26830 2.0
27390 
27640 11700 1.0
28161 191605 1.0
28163 28164 3.0
28164 28163 3.0
28165 
28185 
28338 
28570 41888 1.0 183691 2.0
28571 8236 1.0 25164 3.0 41888 6.0 154996 1.0 375885 2.0
28609 
28611 66509 1.0
28644 28668 1.0 203846 1.0
28668 28644 1.0
28677 25507 1.0 30016 1.0 30017 10.0 40597 1.0 42520 3.0 74801 9.0 81919 17.0 147269 2.0 158572 1.0 522832 3.0
28694 
28826 667 1.0 10186 1.0 22984 1.0 55502 2.0 74377 3.0 376855 6.0
28840 
29067 5467 1.0 89031 2.0
29099 25891 1.0 32707 1.0 198142 1.0
29237 157787 1.0
29286 27235 2.0 37044 1.0 121606 1.0 552554 1.0 569537 1.0
29486 618342 1.0
29518 4274 1.0 16282 2.0 18619 2.0 19220 5.0 22278 3.0 42019 1.0 42089 2.0 59506 1.0 144958 2.0 557511 2.0
29876 211088 1.0
30016 28677 1.0 30017 1.0 390353 1.0
30017 28677 10.0 30016 1.0 42520 2.0 81561 1.0 81919 1.0
30138 71633 1.0 138772 1.0 176859 3.0 657425 1.0
30187 19223 4.0
30296 1598 1.0 32189 1.0 34156 1.0 37044 1.0 40327 1.0 48003 1.0 50346 1.0 73678 1.0 155301 2.0 391389 2.0
30342 12730 1.0 30343 1.0
30343 5452 1.0 12730 6.0 30342 1.0 564486 1.0 657425 1.0
30381 2587 2.0
30405 
30632 304329 3.0
30634 219103 1.0
30745 
30757 
30842 
30843 
30883 
30923 4505 1.0 5250 2.0 48029 1.0 81372 1.0 162824 4.0
30983 21136 1.0
31036 326999 1.0
31259 35939 1.0 173556 1.0
31488 21429 1.0 32076 3.0 32353 2.0
31489 
31490 108565 1.0 129673 1.0
31763 105056 2.0 129309 1.0
31942 
32076 31488 3.0 32353 2.0
32177 
32183 32184 1.0
32184 32183 1.0
32189 10233 4.0 30296 1.0 115698 3.0
32327 403903 1.0
32353 31488 2.0 32076 2.0 73635 1.0
32356 293582 4.0
32470 
32546 
32574 
32707 3992 1.0 25891 1.0 29099 1.0 123663 1.0 198142 1.0
32760 34156 1.0 48184 1.0 49558 1.0 55016 5.0 225276 2.0
32889 
32989 134201 3.0
33342 9994 1.0
33402 
33431 9769 2.0
33442 37235 1.0
33452 
33508 21519 2.0
33719 11717 1.0 15423 2.0 21136 2.0
33828 
33895 9769 2.0 38868 4.0 39525 2.0 70853 2.0
33923 9375 2.0 25219 2.0
34156 30296 1.0 32760 1.0 55016 1.0 91917 1.0 99448 1.0 391389 1.0
34163 4678 1.0
34233 
34322 
34405 
34466 
34617 54642 1.0
34678 
35110 
35111 843250 1.0
35127 54412 1.0 60207 1.0 145900 1.0 201015 1.0
35158 
35283 
35389 
35413 
35429 
35444 
35478 
35608 2171 2.0 18809 1.0 135191 1.0
35709 2800 3.0 4549 1.0 7231 1.0 92866 1.0 161808 1.0 305557 3.0
35785 
35939 21962 1.0 31259 1.0
36023 
36267 2184 1.0 7280 2.0
36621 4266 2.0
36625 5709 1.0 94100 1.0 329507 3.0
36641 22984 1.0 81532 1.0 159383 1.0 246714 5.0 264470 1.0
36689 
37044 29286 1.0 30296 1.0 91032 1.0 169540 1.0 569727 2.0
37171 
37234 37257 1.0
37235 4556 1.0 33442 1.0 52781 1.0 293255 3.0
37257 16457 1.0 37234 1.0
37287 2587 2.0 124943 1.0
37291 414632 2.0
37298 1524 1.0 210809 1.0
37380 37381 1.0
37381 37380 1.0
37418 37419 1.0
37419 37418 1.0 306762 1.0
37451 69959 1.0
37558 
37561 513773 1.0
37682 4504 1.0 58674 1.0 79730 1.0 169540 2.0 270614 1.0 573761 2.0
37688 879 1.0 25890 1.0 25891 1.0 37836 1.0 63717 1.0 82044 2.0 132821 1.0 146080 2.0 244830 3.0
37692 37694 1.0
37694 37692 1.0
37756 73471 6.0 585332 1.0
37760 
37810 879 1.0 155490 3.0 188266 2.0 195048 1.0 245385 1.0 265788 1.0 270597 1.0
37836 25164 2.0 27235 1.0 37688 1.0 37896 3.0 52781 1.0 104848 1.0
37841 81561 1.0 408084 1.0
37896 6984 1.0 16536 2.0 25891 2.0 37836 3.0 63717 2.0 102526 2.0 110436 1.0 168661 1.0 375885 1.0
37918 81372 2.0 123078 1.0
37958 
37990 192225 1.0
38025 25291 1.0 107238 1.0
38053 132887 1.0
38149 10100 1.0 39659 1.0
38323 68083 1.0
38397 
38531 
38607 
38705 
38868 9769 2.0 33895 4.0 70853 2.0
38904 
38978 
38996 4504 1.0 18619 1.0 91917 1.0
39074 
39142 18455 1.0 26952 1.0
39339 
39374 7692 1.0 40262 1.0 41892 1.0 94318 1.0 101195 1.0
39525 33895 2.0 392855 5.0
39527 
39643 
39659 11318 1.0 38149 1.0 40262 1.0 198368 2.0
39708 10233 1.0 91478 1.0 168661 2.0
39746 92388 1.0
39765 
39766 159484 1.0
39858 
39979 
40086 
40168 186833 1.0 268928 2.0
40173 3441 1.0 3992 1.0 4516 1.0 52356 1.0 81532 1.0 391389 2.0
40191 266194 6.0
40262 11318 1.0 39374 1.0 39659 1.0 92876 1.0 198368 1.0 223954 1.0
40284 
40285 
40301 93866 1.0
40327 2587 1.0 30296 1.0 141300 3.0 155301 1.0 188770 1.0 318007 2.0 488489 1.0
40387 
40497 
40518 6805 4.0 27243 1.0
40531 77559 1.0
40597 25507 1.0 28677 1.0 74801 2.0
40606 48003 1.0
40653 21222 1.0 40654 2.0 158541 3.0 253223 2.0 386135 3.0 391523 1.0
40654 40653 2.0
40672 91 5.0 44479 1.0
40803 324571 1.0
40941 
40967 91 1.0 27243 2.0 56426 1.0 107748 1.0 301052 1.0 540949 1.0
41148 14650 1.0 69343 1.0
41511 99448 1.0 362408 1.0
41537 
41806 
41888 25164 9.0 25329 2.0 28570 1.0 28571 6.0 128302 1.0 147269 3.0 150077 12.0 154996 7.0 183691 2.0 252958 4.0 375885 4.0
41892 6962 1.0 7692 6.0 25891 1.0 39374 1.0 101195 1.0 326505 1.0 356325 1.0
41950 18880 1.0 92876 1.0 104738 1.0
42019 16536 1.0 19086 1.0 22278 1.0 29518 1.0
42032 
42038 
42089 16282 2.0 18619 2.0 19220 2.0 29518 2.0 557511 2.0
42108 
42145 
42157 
42282 
42383 
42520 7550 1.0 28677 3.0 30017 2.0 74801 1.0 81919 2.0 211088 1.0 269771 1.0 269772 5.0 389656 4.0 522830 2.0 522832 1.0
42728 45604 1.0
42875 
43466 
43517 4221 1.0 13747 1.0
43670 4447 1.0
43712 4473 1.0 46232 1.0 88872 1.0 167259 1.0
43831 
44170 3988 1.0
44272 
44301 
44326 57562 1.0 296416 1.0 493850 1.0
44359 105577 1.0
44391 
44399 50654 1.0
44469 203402 1.0
44479 91 1.0 40672 1.0 112085 1.0 937809 1.0
44563 2184 1.0
44573 
44574 
44576 
44664 
44712 
44783 
44961 
45182 3988 1.0
45437 144716 2.0
45468 
45512 
45514 
45604 42728 1.0 95868 3.0
45712 24072 1.0 109730 1.0 166767 1.0
45830 67963 1.0
46000 
46100 4473 2.0 4533 1.0
46164 
46232 43712 1.0
46342 
47025 
47165 91 1.0
47543 
47606 
47696 
47990 
47991 4505 1.0 8214 1.0 13747 1.0 57000 2.0 81558 2.0
48003 2300 1.0 2587 1.0 30296 1.0 40606 1.0 80402 1.0 110436 1.0 150711 1.0 156051 2.0 163405 1.0 188900 1.0 301113 3.0
48029 87 1.0 5250 1.0 13758 1.0 30923 1.0 121605 1.0
48031 
48095 955 3.0
48115 
48117 
48162 
48174 25291 1.0 25346 1.0
48181 14893 2.0 97637 1.0
48184 32760 1.0
48193 
48299 81372 1.0 289946 2.0
48389 
48455 52725 1.0 261883 1.0
48499 4256 1.0 4274 1.0 7981 1.0
48525 23088 1.0 123663 1.0 224918 1.0 562316 1.0
48730 
48740 
48834 48835 1.0 155187 1.0
48835 48834 1.0 155187 1.0
49209 
49210 
49319 
49322 
49482 
49489 
49558 32760 1.0 109325 1.0
49665 3992 1.0 15423 1.0 376463 1.0
49718 
49938 
50052 
50277 
50285 13747 1.0 490813 6.0
50346 30296 1.0 51939 1.0 87679 1.0 460550 1.0
50383 25291 1.0
50531 21222 2.0 234911 2.0 391523 2.0 734253 2.0
50654 44399 1.0 616543 1.0 826422 2.0
50703 50704 4.0 50705 3.0
50704 50703 4.0 50705 4.0
50705 50703 3.0 50704 4.0 117598 10.0
50733 8609 1.0 87610 1.0
50809 60139 1.0 102023 1.0
50834 4474 1.0 9122 1.0 143008 1.0 210809 2.0
50875 
50906 8206 2.0 62775 2.0 126356 2.0
51413 
51430 
51451 92657 1.0
51548 3213 1.0 102463 1.0
51559 54412 2.0 478469 2.0
51561 
51647 52725 1.0 262776 1.0 590963 1.0
51729 
51939 50346 1.0 123663 1.0 198368 1.0
51946 
52161 955 1.0 79914 1.0 189748 1.0 214993 1.0
52321 
52356 4266 1.0 4516 1.0 40173 1.0
52654 
52655 176933 1.0
52700 
52711 
52722 
52725 48455 1.0 51647 1.0 262776 1.0
52781 37235 1.0 37836 1.0 167924 1.0 188414 1.0 241600 2.0 293255 2.0
53329 3992 1.0 53330 1.0
53330 3992 13.0 53329 1.0 55016 1.0 81645 1.0
53655 
53665 
53824 
53867 
53885 
53923 
53984 
53995 18835 1.0
54176 
54202 
54323 
54365 228320 1.0
54412 35127 1.0 51559 2.0 56836 1.0 60207 1.0 96098 10.0 478469 8.0
54489 
54548 6558 1.0 54549 2.0
54549 54548 2.0
54642 34617 1.0 122649 1.0
54644 54645 1.0
54645 54644 1.0
54786 
54811 
55016 11714 2.0 32760 5.0 34156 1.0 53330 1.0 81645 3.0 105450 1.0 110436 1.0 123663 1.0 245385 1.0 391389 1.0
55333 
55418 
55447 
55494 
55502 28826 2.0
55598 
55673 
55776 
55793 
55794 
55883 2849 3.0
56392 
56426 40967 1.0 218178 2.0
56487 5834 5.0 155187 4.0
56513 
56718 4256 1.0 368615 1.0
56836 54412 1.0 96098 1.0 174694 1.0
57000 16536 1.0 19220 3.0 47991 2.0 58674 1.0 66342 1.0 81558 22.0 104848 1.0 121606 1.0
57504 186833 2.0
57562 44326 1.0 193478 1.0 493850 1.0
57723 9092 1.0 522569 5.0
57957 266194 1.0
58310 
58512 
58674 37682 1.0 57000 1.0 75277 2.0 79730 1.0 81558 1.0 123663 2.0 128302 1.0 198368 1.0 250270 1.0 270614 1.0
58733 
58999 14482 1.0 85663 1.0 120980 1.0
59030 
59046 114684 1.0
59091 
59206 955 1.0 9860 2.0
59234 9633 3.0
59506 22278 1.0 29518 1.0 144958 1.0
59977 144473 1.0 167514 2.0
60089 
60139 667 1.0 15956 1.0 50809 1.0 73678 1.0 158572 4.0 362311 1.0
60146 
60207 35127 1.0 54412 1.0
60273 
60274 
60616 
60704 
60706 
60945 87 1.0 141519 1.0
60980 
61150 93783 1.0 112085 1.0 297176 1.0
61343 
61498 112120 4.0 132927 1.0 386152 2.0 386528 1.0
61696 
61824 
61825 61827 2.0 147454 1.0
61827 61825 2.0
62563 
62593 
62618 289946 1.0
62665 
62775 8206 5.0 50906 2.0 126356 6.0
62928 
63265 
63412 
63643 
63690 
63697 66534 4.0 66535 3.0
63701 376855 2.0
63717 25891 3.0 37688 1.0 37896 2.0 82044 2.0 149473 1.0
64433 
64641 
64674 
64862 
64894 
65015 
65060 
65061 420272 1.0
65140 13626 2.0 13662 6.0 66729 2.0 169384 4.0
65242 
65362 296416 1.0
65543 7559 1.0 7792 1.0 358319 1.0
65566 65568 1.0
65567 
65568 65566 1.0
65767 
66342 57000 1.0 91850 1.0
66405 
66407 198518 4.0 343567 4.0
66504 
66509 28611 1.0
66534 63697 4.0 66535 3.0
66535 63697 3.0 66534 3.0
66635 
66729 13626 1.0 65140 2.0
66866 
66950 
67054 
67680 147454 2.0
67798 25291 1.0 121140 1.0 221822 1.0 245385 1.0
67963 791 2.0 45830 1.0 81944 1.0
68042 179078 1.0 363910 1.0
68083 38323 1.0 131591 2.0 253958 1.0 450328 1.0
68169 
68180 
68265 
68570 
68840 
68901 10196 2.0
69209 
69248 
69249 
69339 69341 2.0 69342 6.0 93866 3.0 157397 3.0
69341 69339 2.0 69342 2.0
69342 69339 6.0 69341 2.0 91240 1.0 93783 1.0 93866 3.0 157397 3.0
69343 41148 1.0 192402 1.0
69375 19534 1.0
69538 
69642 
69781 123011 3.0 128391 3.0 129673 2.0 363910 1.0
69944 70901 1.0 517972 1.0 640906 3.0
69959 20793 1.0 37451 1.0 69960 3.0 69961 1.0 227896 2.0 346050 1.0 491003 1.0
69960 69959 3.0 69961 1.0 346050 2.0 491003 1.0
69961 20793 1.0 69959 1.0 69960 1.0 227896 2.0
70093 106226 1.0 262886 1.0
70549 
70853 9769 2.0 33895 2.0 38868 2.0
70901 2534 1.0 69944 1.0
70946 15586 1.0
71260 633992 1.0
71371 
71633 30138 1.0 657425 1.0
71656 113509 1.0
72020 85032 11.0
72271 143008 1.0
72278 230942 4.0
72620 273432 1.0
72685 223298 2.0
73005 
73031 73032 2.0
73032 73031 2.0 535580 1.0
73176 7608 1.0
73330 4489 1.0
73375 89604 1.0
73393 6139 2.0 19219 1.0
73395 
73427 
73471 37756 6.0 585332 1.0
73635 32353 1.0
73678 4504 1.0 18895 2.0 30296 1.0 60139 1.0 74377 1.0 211088 1.0 591856 1.0
73688 
73734 
73996 10450 4.0 20797 3.0 104771 2.0
74021 
74184 20789 4.0 306762 1.0 446030 1.0 446031 1.0
74207 
74220 
74377 10186 1.0 18400 1.0 22984 1.0 25294 1.0 28826 3.0 73678 1.0 106188 1.0 114213 1.0 121300 1.0 156051 1.0 246714 1.0 376855 1.0
74599 16149 1.0 167514 1.0 317305 1.0
74628 102023 2.0
74686 79725 3.0
74801 25507 1.0 28677 9.0 40597 2.0 42520 1.0 81919 3.0 147269 2.0 158572 1.0
74839 132927 1.0
75277 10102 1.0 25329 1.0 58674 2.0
75369 344595 1.0
75387 665601 2.0
75393 301113 2.0 789629 1.0
75937 
76000 
76012 
76211 
76258 191596 1.0
76627 
76711 
76756 
76797 
76798 2181 1.0
77128 
77559 40531 1.0 123663 1.0
77961 
78144 
78436 
78675 
78726 100097 1.0
78806 153192 1.0 219116 1.0
79022 
79345 3394 1.0 155301 1.0
79643 
79707 
79709 
79725 74686 3.0
79730 87 1.0 37682 1.0 58674 1.0 270614 1.0
79821 11714 1.0 79837 6.0 107856 3.0 109499 2.0 278713 2.0 294219 4.0
79837 79821 6.0
79885 219675 1.0
79914 52161 1.0 189748 2.0
80050 
80227 
80385 
80402 48003 1.0 150711 2.0 156051 1.0 426375 1.0
80550 
80571 
80572 
80698 182283 1.0 591856 1.0
80735 
80749 245385 1.0 423610 4.0
81035 
81300 14893 3.0
81372 30923 1.0 37918 2.0 48299 1.0
81532 36641 1.0 40173 1.0
81558 16536 1.0 19220 4.0 47991 2.0 57000 22.0 58674 1.0 104848 1.0
81561 10233 1.0 30017 1.0 37841 1.0 225527 2.0
81597 
81629 99924 4.0 156049 1.0 576643 2.0
81630 148852 2.0 196174 1.0
81645 2587 1.0 53330 1.0 55016 3.0 245385 2.0 253161 1.0 343919 1.0
81700 
81701 25507 1.0 319455 2.0
81919 18813 1.0 25507 1.0 28677 17.0 30017 1.0 42520 2.0 74801 3.0 522832 3.0
81944 91 1.0 791 3.0 67963 1.0
81989 
82044 879 1.0 25890 1.0 25891 1.0 37688 2.0 63717 2.0 149473 1.0
82045 
82063 
82064 
82118 
82349 
82403 
82432 18455 2.0 26376 2.0 378988 7.0 538556 1.0
82466 82672 1.0 135226 2.0
82530 
82672 82466 1.0 135226 1.0
82885 9877 1.0
83124 
83229 
83493 
83779 
83828 205474 3.0
84892 18895 1.0
84916 295223 2.0
84966 84967 3.0
84967 9100 1.0 84966 3.0
85032 7921 1.0 15875 1.0 72020 11.0 85033 5.0
85033 85032 5.0
85341 90809 1.0
85468 
85573 
85663 14482 1.0 58999 1.0 109009 1.0 120980 1.0
86070 
86107 
86232 
86296 18261 1.0
86519 
86655 9324 1.0 86656 5.0
86656 16147 2.0 18401 1.0 86655 5.0
86946 27235 1.0 522569 1.0
87046 
87244 
87312 
87610 8609 1.0 50733 1.0
87679 50346 1.0 87681 1.0 87682 1.0
87681 87679 1.0 87682 4.0 119272 2.0
87682 87679 1.0 87681 4.0
87787 21191 1.0 184057 1.0
88115 245385 1.0
88339 10450 1.0 10563 1.0 93303 1.0
88713 
88817 128302 1.0
88872 43712 1.0
88939 
89031 18895 1.0 29067 2.0 90032 1.0
89604 73375 1.0
89632 
89942 21191 2.0 27235 1.0
90032 89031 1.0 155301 1.0
90457 
90808 5207 1.0
90809 85341 1.0
91021 
91032 37044 1.0
91240 69342 1.0 93783 1.0
91478 39708 1.0
91654 124215 1.0 166733 1.0 370657 2.0
91728 
91850 66342 1.0
91917 4504 1.0 6139 1.0 7692 1.0 34156 1.0 38996 1.0 163108 1.0 319455 1.0
92331 
92341 
92388 39746 1.0 200056 2.0
92409 
92593 
92594 
92637 187585 3.0 275325 1.0 362408 1.0
92657 4904 1.0 51451 1.0
92866 35709 1.0 161808 1.0
92876 22984 1.0 40262 1.0 41950 1.0 104738 1.0
93092 
93159 10303 1.0
93303 10450 1.0 10563 1.0 88339 1.0
93604 
93713 
93783 61150 1.0 69342 1.0 91240 1.0 297176 1.0
93854 
93866 40301 1.0 69339 3.0 69342 3.0 157397 5.0
94100 5709 1.0 36625 1.0
94174 9092 1.0 301816 1.0
94318 39374 1.0
94324 
94741 
95265 223920 4.0
95752 12887 1.0
95774 95775 1.0
95775 95774 1.0
95793 5312 1.0 8766 1.0
95868 20450 5.0 45604 3.0
95913 8057 1.0
95966 
96098 54412 10.0 56836 1.0
96493 
96577 13662 1.0
96734 
97007 2184 1.0
97009 11318 2.0
97133 
97521 
97536 
97637 7596 1.0 23088 5.0 48181 1.0 199699 1.0
98376 4504 1.0 4997 1.0 26105 1.0 329507 1.0
98418 9158 1.0
98597 
98866 
98938 
99032 
99140 
99197 
99448 14474 1.0 34156 1.0 41511 1.0
99514 
99694 4447 1.0
99924 81629 4.0
99976 
100037 
100097 78726 1.0
100319 7792 3.0 358319 3.0
100341 
100442 
100676 138772 1.0 183691 1.0
101195 7692 1.0 39374 1.0 41892 1.0 157787 1.0 496813 1.0
101642 
102023 50809 1.0 74628 2.0 149448 1.0 155301 1.0
102207 
102463 24072 1.0 51548 1.0
102526 37896 2.0
102578 
102796 
102832 
102910 22278 2.0
103029 103064 1.0
103064 103029 1.0
103079 19084 1.0 19132 1.0
103111 
103545 
103622 
103706 
103744 
103758 22984 1.0 123663 1.0
104216 8609 1.0
104350 386443 2.0
104738 41950 1.0 92876 1.0
104771 20797 3.0 73996 2.0
104848 667 1.0 37836 1.0 57000 1.0 81558 1.0 377548 1.0
105056 31763 2.0 129309 1.0
105107 
105166 4474 1.0 4904 1.0
105168 989 1.0 4467 2.0
105354 25219 1.0
105396 
105450 55016 1.0 123663 1.0 573761 2.0
105577 44359 1.0
105987 
106073 
106188 74377 1.0 376855 3.0 403903 6.0
106226 70093 1.0 228320 1.0 262886 3.0
106679 238082 2.0
107231 
107238 38025 1.0 163108 1.0
107304 
107557 
107690 8766 9.0 112156 2.0 112244 1.0
107748 91 1.0 27243 1.0 40967 1.0
107856 79821 3.0
107915 250850 1.0
107922 
107930 173390 1.0
108304 
108565 31490 1.0 114213 1.0 208408 1.0 225276 1.0
108758 
108760 16284 2.0
108792 
109009 14482 1.0 20675 1.0 85663 1.0
109325 49558 1.0
109447 
109499 79821 2.0 278713 1.0
109570 
109618 
109730 24072 1.0 45712 1.0 166767 2.0
109785 239761 2.0 297176 1.0
110436 2587 1.0 37896 1.0 48003 1.0 55016 1.0
110705 
110979 
111273 
111894 
112085 44479 1.0 61150 1.0
112120 61498 4.0 386152 2.0 386528 2.0
112156 8766 4.0 107690 2.0
112209 
112210 
112244 107690 1.0
112472 
113353 
113509 71656 1.0
113723 
114022 
114213 667 1.0 74377 1.0 108565 1.0
114684 59046 1.0 301082 1.0
114924 
115416 277535 2.0
115698 32189 3.0 343567 1.0
115905 
116305 
116683 1524 1.0 198676 2.0 223748 7.0
117598 50705 10.0
117923 
118336 
118347 
118429 
119272 87681 2.0
119406 
119887 173556 1.0
120240 
120567 
120603 
120980 20675 1.0 58999 1.0 85663 1.0
121140 67798 1.0 221822 1.0
121300 74377 1.0 156051 1.0 304807 1.0
121364 
121497 9872 1.0
121566 
121584 
121605 13747 4.0 13758 8.0 48029 1.0 210810 2.0 376061 1.0
121606 29286 1.0 57000 1.0
121627 
121760 
122107 
122649 54642 1.0
122799 
122961 
123011 69781 3.0 128391 4.0 129673 2.0 363910 1.0
123051 
123078 37918 1.0
123663 22984 1.0 23088 2.0 32707 1.0 48525 1.0 51939 1.0 55016 1.0 58674 2.0 77559 1.0 103758 1.0 105450 1.0 128869 1.0 291060 1.0
123810 189848 2.0 211088 1.0
124215 91654 1.0 166733 1.0
124943 2587 1.0 37287 1.0 161333 4.0 188414 1.0
125197 
126352 
126356 8206 6.0 15587 1.0 50906 2.0 62775 6.0
126811 548368 1.0
128296 
128302 25164 1.0 41888 1.0 58674 1.0 88817 1.0 198368 1.0
128334 
128391 69781 3.0 123011 4.0 129673 2.0 363910 1.0
128753 
128869 3992 1.0 123663 1.0 291060 1.0
128885 
129309 31763 1.0 105056 1.0
129403 
129673 31490 1.0 69781 2.0 123011 2.0 128391 2.0 363910 1.0
129690 
129832 
129931 
129978 3373 2.0 3375 2.0
130432 
130573 
130808 
131373 143763 1.0
131591 68083 2.0 253958 1.0
131851 
132213 7647 1.0
132415 
132568 15956 1.0 468508 2.0
132819 
132821 37688 1.0 146080 2.0
132887 38053 1.0 216276 1.0 245301 1.0 245789 1.0 338299 1.0
132927 61498 1.0 74839 1.0
133294 
133331 
134201 32989 3.0 326999 1.0
134235 
134985 
135162 3394 3.0 177300 3.0
135191 2171 1.0 35608 1.0
135226 82466 2.0 82672 1.0
135751 
135794 9860 2.0
136176 
136207 596265 1.0
137348 
137428 157968 1.0
138772 30138 1.0 100676 1.0
138778 
140112 
140992 
141300 11714 5.0 40327 3.0 488489 6.0
141519 87 1.0 60945 1.0 325273 1.0
141534 
141715 270523 1.0
141830 
142372 
143008 50834 1.0 72271 1.0 210809 1.0
143275 1598 1.0
143300 
143310 
143425 143427 3.0
143427 143425 3.0
143579 294172 1.0
143674 
143763 131373 1.0
143891 555531 1.0
144313 
144473 59977 1.0 167514 2.0
144562 
144579 
144716 45437 2.0
144958 22278 2.0 29518 2.0 59506 1.0 144959 1.0
144959 16536 1.0 22278 1.0 144958 1.0
145106 6714 1.0
145574 5410 1.0
145822 
145900 35127 1.0
146080 37688 2.0 132821 2.0
146659 
146816 433623 1.0
146945 
146946 
147096 
147268 
147269 27235 1.0 28677 2.0 41888 3.0 74801 2.0 468508 1.0
147346 
147347 
147454 61825 1.0 67680 2.0
147565 4487 2.0 4489 1.0 6984 2.0 189902 1.0
148434 
148757 
148840 537987 1.0
148848 
148852 15423 1.0 81630 2.0 196174 1.0
149348 
149448 102023 1.0
149473 63717 1.0 82044 1.0 159383 2.0
149552 
149820 
149827 
150077 16536 1.0 25164 2.0 41888 12.0 154996 1.0 252958 2.0 375885 1.0
150377 
150711 48003 1.0 80402 2.0 156051 2.0 426375 1.0
151326 
151865 297867 1.0
152136 
152350 
152862 
153192 12730 1.0 78806 1.0 219116 2.0
153868 
154996 25329 2.0 28571 1.0 41888 7.0 150077 1.0 375885 2.0
155187 5834 3.0 48834 1.0 48835 1.0 56487 4.0
155301 10233 1.0 11714 1.0 30296 2.0 40327 1.0 79345 1.0 90032 1.0 102023 1.0
155490 879 1.0 37810 3.0 160926 1.0 188266 1.0 270597 2.0
155792 
156049 81629 1.0
156051 6714 1.0 18813 1.0 48003 2.0 74377 1.0 80402 1.0 121300 1.0 150711 2.0 187585 2.0 233577 2.0 293255 1.0
156335 5268 1.0
156720 
156859 9497 1.0
156910 
157193 
157378 
157397 69339 3.0 69342 3.0 93866 5.0
157417 
157787 29237 1.0 101195 1.0 496813 5.0
157907 25711 1.0 327088 1.0
157968 137428 1.0
158016 
158361 
158362 
158541 40653 3.0 386135 4.0
158572 28677 1.0 60139 4.0 74801 1.0
158738 
159358 
159383 36641 1.0 149473 2.0 246714 1.0 264470 1.0
159450 
159484 39766 1.0
159775 
160006 
160164 
160556 
160560 
160926 155490 1.0
160955 
161333 124943 4.0
161367 
161808 17910 1.0 35709 1.0 92866 1.0
162078 
162204 466652 4.0
162703 184422 1.0
162824 9375 1.0 25219 1.0 30923 4.0
163108 759 2.0 91917 1.0 107238 1.0 313393 2.0
163355 
163379 
163405 48003 1.0 535581 1.0
163845 
163867 203074 1.0
164389 
165010 358319 6.0
165333 255824 2.0
165598 
165710 
165714 
165716 
166063 
166733 91654 1.0 124215 1.0
166767 24072 1.0 45712 1.0 109730 2.0
167004 
167259 4473 1.0 43712 1.0
167514 59977 2.0 74599 1.0 144473 2.0
167924 52781 1.0
168036 
168037 
168661 10233 2.0 37896 1.0 39708 2.0
168709 198889 1.0 513855 1.0
168955 
169384 13662 2.0 65140 4.0
169540 15949 1.0 37044 1.0 37682 2.0
170380 
170402 
170993 
172390 
172578 
172910 
173389 7608 2.0
173390 107930 1.0 294286 1.0
173556 31259 1.0 119887 1.0
173603 
174230 
174410 
174456 13880 1.0
174505 10223 1.0
174694 56836 1.0
175675 
175754 
175839 
175998 
176859 30138 3.0
176933 52655 1.0
177300 3394 3.0 135162 3.0 614342 2.0
177369 351515 2.0
177680 
178233 511540 1.0
179016 
179078 68042 1.0
179741 
180680 
181166 
181577 15223 2.0 265808 2.0
181646 
182283 80698 1.0 591856 1.0
182284 
182857 
183372 
183691 16282 1.0 28570 2.0 41888 2.0 100676 1.0 557511 2.0
183967 5815 1.0
184057 87787 1.0
184090 
184095 
184414 
184422 14650 1.0 162703 1.0 610612 1.0
184668 184670 1.0
184670 184668 1.0
185744 7309 1.0
186695 
186711 
186833 40168 1.0 57504 2.0 268928 1.0
186895 9994 5.0
187141 
187585 3992 1.0 92637 3.0 156051 2.0 224325 1.0
188266 37810 2.0 155490 1.0 245385 1.0 265788 1.0
188414 52781 1.0 124943 1.0
188770 40327 1.0
188900 7974 1.0 48003 1.0 466540 1.0
189113 2534 2.0
189672 650640 2.0
189748 52161 1.0 79914 2.0
189763 312603 1.0
189848 123810 2.0
189902 4487 1.0 147565 1.0
189943 7195 3.0
191491 
191596 26821 1.0 76258 1.0 958935 1.0
191605 28161 1.0
192225 37990 1.0
192348 
192402 69343 1.0
193068 10102 1.0
193478 57562 1.0
193925 
194137 
194277 
194485 
194730 
195048 21136 1.0 37810 1.0 513679 1.0
195600 
196174 81630 1.0 148852 1.0
197014 
197442 
197530 14893 1.0 794766 1.0
197567 
198115 198117 6.0 376463 2.0
198117 198115 6.0 376463 2.0
198142 25891 1.0 29099 1.0 32707 1.0
198368 6805 1.0 11318 1.0 21191 2.0 39659 2.0 40262 1.0 51939 1.0 58674 1.0 128302 1.0 224918 1.0 343567 1.0
198385 2494 1.0
198518 2482 1.0 27235 1.0 66407 4.0 343567 11.0
198534 
198676 116683 2.0
198889 168709 1.0 513855 2.0
198890 
198891 
199699 23088 1.0 97637 1.0
199706 10327 1.0 270943 1.0
199912 
199933 
200056 92388 2.0
200444 
201015 35127 1.0 211251 1.0
201235 
203074 163867 1.0
203402 44469 1.0
203539 
203650 
203846 13650 1.0 28644 1.0
204132 
204513 26838 1.0
205126 
205474 83828 3.0
205481 
205662 
205709 4561 1.0
206235 
206256 2582 3.0
206756 14264 1.0 217648 1.0
207034 
207911 251871 2.0 365406 2.0
208408 108565 1.0
210809 37298 1.0 50834 2.0 143008 1.0
210810 13747 2.0 13758 1.0 121605 2.0 225527 2.0
211088 2494 1.0 5268 1.0 9613 3.0 9645 1.0 26877 1.0 29876 1.0 42520 1.0 73678 1.0 123810 1.0 389656 1.0
211251 201015 1.0 588975 1.0
211718 
212101 
212842 
212843 
214439 7309 1.0 288850 1.0 419526 1.0
214993 955 2.0 4969 1.0 52161 1.0
215040 
215702 
216276 132887 1.0 338299 1.0
216513 
217206 
217648 14264 1.0 206756 1.0
218178 56426 2.0 301052 1.0
219103 30634 1.0
219116 78806 1.0 153192 2.0
219675 79885 1.0
219898 
220371 3394 1.0
221822 67798 1.0 121140 1.0
221928 514517 1.0
221943 
222170 222171 1.0 224908 2.0
222171 222170 1.0 224908 1.0 880527 1.0 880528 1.0
222565 
223298 72685 2.0 460550 4.0
223671 5452 1.0
223748 116683 7.0
223920 95265 4.0
223954 40262 1.0
224325 10102 1.0 187585 1.0
224908 222170 2.0 222171 1.0
224918 48525 1.0 198368 1.0
225257 
225276 32760 2.0 108565 1.0
225285 
225527 10233 1.0 81561 2.0 210810 2.0
226311 
227282 3992 2.0
227518 19457 1.0
227608 
227741 
227852 12730 1.0 27235 1.0 387948 1.0 457981 2.0
227896 20793 1.0 69959 2.0 69961 2.0
228320 54365 1.0 106226 1.0
228352 
228589 
230942 24479 2.0 72278 4.0 413250 2.0
231966 445293 1.0
232199 
232500 
233577 156051 2.0
234599 
234911 21222 5.0 50531 2.0 391523 6.0 558464 4.0 734253 2.0
235113 593661 1.0
235562 
235582 
236785 
238082 106679 2.0
239761 109785 2.0 297176 1.0
240140 14880 1.0
241600 52781 2.0
242118 
242273 
242683 
244617 269727 1.0
244728 2300 1.0 269727 1.0
244830 37688 3.0
245301 132887 1.0 245789 1.0
245385 2587 1.0 25291 1.0 37810 1.0 55016 1.0 67798 1.0 80749 1.0 81645 2.0 88115 1.0 188266 1.0 265788 1.0 423610 1.0
245789 132887 1.0 245301 1.0
246714 36641 5.0 74377 1.0 159383 1.0 264470 1.0
249670 531227 1.0
249975 3127 1.0
250270 58674 1.0
250607 
250850 107915 1.0
251736 
251761 5441 1.0
251871 207911 2.0 365406 2.0
252348 3394 1.0 15223 2.0 19084 1.0 19088 1.0 372871 1.0
252958 25164 2.0 41888 4.0 150077 2.0 375885 1.0
253161 81645 1.0 343919 2.0
253223 21222 1.0 40653 2.0 391523 1.0
253958 68083 1.0 131591 1.0
255824 25329 1.0 165333 2.0
256190 
256450 
257328 
259751 23894 3.0
261409 
261883 48455 1.0
262289 
262776 51647 1.0 52725 1.0
262826 
262886 70093 1.0 106226 3.0
264470 5312 3.0 36641 1.0 159383 1.0 246714 1.0
264795 
265022 
265788 37810 1.0 188266 1.0 245385 1.0
265808 15223 2.0 181577 2.0 517972 1.0
266194 40191 6.0 57957 1.0
266853 3992 1.0
267695 
268928 40168 2.0 186833 1.0
269660 
269661 
269727 244617 1.0 244728 1.0
269771 7550 1.0 42520 1.0
269772 42520 5.0 389656 1.0
270523 141715 1.0
270594 
270597 879 1.0 37810 1.0 155490 2.0
270614 13758 1.0 37682 1.0 58674 1.0 79730 1.0
270943 10327 5.0 199706 1.0
271378 
272171 
272212 
272221 360256 6.0
272238 
272270 
272356 
272693 
273008 
273432 72620 1.0
274001 
275259 
275325 13210 3.0 92637 1.0
277275 
277315 
277535 115416 2.0
278606 
278713 11714 1.0 79821 2.0 109499 1.0
280140 
283877 
284394 
288850 7309 2.0 25183 1.0 214439 1.0 419526 1.0
289448 
289946 48299 2.0 62618 1.0
290102 
290323 
290843 
291060 123663 1.0 128869 1.0
291232 
293255 37235 3.0 52781 2.0 156051 1.0
293582 32356 4.0
293974 
294172 8766 2.0 143579 1.0
294219 79821 4.0
294286 173390 1.0
294814 
295133 
295223 84916 2.0
296416 44326 1.0 65362 1.0
296619 
297176 61150 1.0 93783 1.0 109785 1.0 239761 1.0
297867 151865 1.0
300850 7781 3.0 16151 4.0 325280 1.0
301052 40967 1.0 218178 1.0 540949 1.0
301082 114684 1.0
301113 48003 3.0 75393 2.0 789629 1.0
301816 5452 2.0 94174 1.0
302469 24479 1.0 313431 2.0
303166 542893 1.0 593661 1.0
303712 
304329 30632 3.0
304807 121300 1.0
305557 2800 3.0 35709 3.0
306762 20789 1.0 37419 1.0 74184 1.0
306832 
309444 
312603 189763 1.0
313057 
313393 163108 2.0
313431 24479 1.0 302469 2.0
315891 
316572 
317305 16149 1.0 74599 1.0
318007 40327 2.0
319455 81701 2.0 91917 1.0
321302 
322126 
324571 40803 1.0
325273 141519 1.0
325280 16151 1.0 300850 1.0
326505 25891 1.0 41892 1.0
326929 
326999 31036 1.0 134201 1.0
327030 
327088 25711 1.0 157907 1.0
328734 
329507 4504 1.0 4997 1.0 26105 1.0 36625 3.0 98376 1.0
330845 
331254 
335103 
336857 
338066 
338299 132887 1.0 216276 1.0
343567 27235 1.0 66407 4.0 115698 1.0 198368 1.0 198518 11.0
343884 
343919 81645 1.0 253161 2.0
344578 
344595 75369 1.0
344842 
346050 69959 1.0 69960 2.0 491003 1.0
347014 
347234 
347490 8609 1.0
348174 
349167 
350603 
351271 391134 4.0 423610 1.0
351515 177369 2.0
351883 
351896 
354517 
354633 
356194 2587 1.0
356291 
356325 7692 1.0 41892 1.0
357109 16149 1.0
357149 7974 5.0 436421 2.0
357722 
358319 7559 1.0 7792 4.0 65543 1.0 100319 3.0 165010 6.0
358398 
358752 
359655 
360256 272221 6.0
362311 14474 1.0 15956 3.0 60139 1.0
362408 41511 1.0 92637 1.0
362769 
363343 531227 1.0
363910 68042 1.0 69781 1.0 123011 1.0 128391 1.0 129673 1.0
365406 207911 2.0 251871 2.0
365700 
365788 
366065 
367123 
367799 
368615 91 2.0 56718 1.0
370657 91654 2.0
371141 
371218 
372871 252348 1.0
374781 
375162 
375885 8236 4.0 16536 2.0 25291 1.0 28571 2.0 37896 1.0 41888 4.0 150077 1.0 154996 2.0 252958 1.0 575676 1.0
376061 4505 1.0 13758 4.0 121605 1.0
376463 49665 1.0 198115 2.0 198117 2.0
376824 
376855 28826 6.0 63701 2.0 74377 1.0 106188 3.0
377548 104848 1.0
378093 21962 2.0
378988 18455 2.0 26376 2.0 82432 7.0 538556 1.0
382209 
382235 
382546 
383463 
383982 
386135 40653 3.0 158541 4.0
386152 61498 2.0 112120 2.0
386443 104350 2.0
386528 61498 1.0 112120 2.0
387078 
387948 227852 1.0
389656 42520 4.0 211088 1.0 269772 1.0 522830 2.0 522832 1.0
389674 
390294 
390353 30016 1.0
390625 2494 5.0 11714 5.0
391134 351271 4.0 423610 1.0
391389 2494 1.0 30296 2.0 34156 1.0 40173 2.0 55016 1.0
391523 21222 6.0 40653 1.0 50531 2.0 234911 6.0 253223 1.0 558464 4.0 734253 2.0
391622 
392855 39525 5.0
394675 
400266 
401061 
401561 
402282 
402430 
403903 32327 1.0 106188 6.0 578835 1.0
408084 25294 1.0 37841 1.0
413250 24479 5.0 230942 2.0
414632 37291 2.0
416517 
417896 
419316 
419526 25183 3.0 214439 1.0 288850 1.0
420272 65061 1.0
421339 
423336 
423610 80749 4.0 245385 1.0 351271 1.0 391134 1.0
426073 1524 2.0 25346 1.0
426375 80402 1.0 150711 1.0
426881 7195 1.0
426996 
428064 
429894 12428 1.0
430104 
431049 
433623 146816 1.0
435131 25291 1.0
436421 7974 2.0 357149 2.0
439174 
440170 
445047 
445293 231966 1.0
445880 
446030 20789 3.0 74184 1.0 446031 3.0
446031 20789 3.0 74184 1.0 446030 3.0
449548 
450328 68083 1.0
451675 
456291 
457361 
457981 227852 2.0
458437 
458622 
459063 8129 1.0
460550 50346 1.0 223298 4.0
464535 
466526 
466540 91 1.0 188900 1.0
466652 162204 4.0
468508 132568 2.0 147269 1.0
470913 
478469 51559 2.0 54412 8.0
487012 5452 2.0
488489 11714 3.0 40327 1.0 141300 6.0
490741 
490813 50285 6.0
491003 20795 2.0 69959 1.0 69960 1.0 346050 1.0
491504 
493850 44326 1.0 57562 1.0
495491 24479 1.0
496813 101195 1.0 157787 5.0
504963 15072 1.0
507201 
507832 
508057 
511540 178233 1.0
513679 195048 1.0
513773 37561 1.0
513855 168709 1.0 198889 2.0
514517 221928 1.0
515313 
517210 5410 3.0
517972 69944 1.0 265808 1.0 640906 1.0
520285 
522569 21191 1.0 27235 1.0 57723 5.0 86946 1.0
522830 42520 2.0 389656 2.0 522832 1.0
522832 28677 3.0 42520 1.0 81919 3.0 389656 1.0 522830 1.0
523624 
524474 
530409 
531227 249670 1.0 363343 1.0
535549 
535580 73032 1.0 535581 3.0
535581 163405 1.0 535580 3.0
535594 
537987 148840 1.0
538556 26376 2.0 26377 1.0 82432 1.0 378988 1.0
540484 
540949 40967 1.0 301052 1.0
541943 
542893 303166 1.0 593661 2.0
543758 
548368 126811 1.0
552554 29286 1.0 569537 1.0
554287 
555531 143891 1.0
557511 16282 3.0 18619 2.0 19220 2.0 29518 2.0 42089 2.0 183691 2.0
558464 21222 3.0 234911 4.0 391523 4.0
558503 
559417 25891 1.0
562316 48525 1.0
564213 
564486 30343 1.0
569537 29286 1.0 552554 1.0
569727 37044 2.0
573761 25329 1.0 37682 2.0 105450 2.0
575676 8236 1.0 16536 1.0 375885 1.0
576643 81629 2.0
576869 18619 1.0
578403 
578835 403903 1.0
583800 
585332 37756 1.0 73471 1.0
588828 21136 1.0
588975 211251 1.0
590963 51647 1.0
591856 73678 1.0 80698 1.0 182283 1.0
593661 235113 1.0 303166 1.0 542893 2.0
596265 136207 1.0
601241 14893 1.0
608480 15875 1.0
609701 21196 3.0
610612 184422 1.0
614342 2204 1.0 177300 2.0
616543 50654 1.0 826422 1.0
618340 618342 3.0
618342 29486 1.0 618340 3.0
622034 
633992 71260 1.0
635532 
640593 
640906 69944 3.0 517972 1.0
647982 
650640 189672 2.0
655198 
657425 30138 1.0 30343 1.0 71633 1.0
663289 
665601 75387 2.0
671639 7501 2.0
675209 
678189 
730481 
733030 
734253 21222 2.0 50531 2.0 234911 2.0 391523 2.0
744305 
748413 
748906 
770784 8093 1.0
789629 75393 1.0 301113 1.0
794766 14893 1.0 197530 1.0
796010 
826422 50654 2.0 616543 1.0
843250 35111 1.0
875538 
880527 222171 1.0 880528 1.0
880528 222171 1.0 880527 1.0
880870 
914564 2204 1.0 16235 1.0
937809 44479 1.0
941650 
958935 191596 1.0
1238998 
1263986 
1434303 
1684818 
1947141 
