87 955 2.0 13758 1.0 25367 1.0 48029 2.0 52781 1.0 63717 1.0 79730 2.0
91 3992 1.0 4256 1.0 5910 1.0 40672 4.0 47165 1.0 368615 1.0 843250 1.0
100 93159 1.0 343884 1.0
103 
181 2176 1.0 3127 1.0
259 
260 
457 
656 
667 6714 1.0 16282 1.0 28826 3.0 82045 1.0
749 7620 2.0 95793 1.0
759 2460 2.0 25890 1.0 75277 2.0
791 4768 1.0 81944 1.0
807 808 1.0
808 807 1.0
848 45604 1.0
879 63717 1.0 120603 1.0 155490 1.0 195048 1.0 270597 1.0
953 
955 87 2.0 2482 1.0 4274 2.0 24665 1.0 40531 1.0 48029 1.0 68169 1.0 214993 1.0 270943 1.0 343567 1.0
977 60274 1.0
989 
1018 
1524 3161 1.0 25346 7.0 26092 1.0 30296 1.0 48174 1.0 73678 2.0 267695 1.0 426073 1.0
1584 21003 2.0
1588 
1593 
1598 50733 2.0 75369 1.0 265788 1.0
1776 
1864 
1919 
2150 2460 2.0 5268 1.0 38053 1.0
2171 18835 1.0 18849 2.0 94100 1.0
2176 181 1.0 15072 1.0
2181 2200 1.0 76798 1.0
2184 102796 1.0
2200 2181 1.0
2204 6962 1.0 9497 1.0 16235 3.0 27235 1.0
2246 
2300 37896 1.0 51647 1.0 52725 1.0 184670 1.0 244728 1.0
2455 
2460 759 2.0 2150 2.0 163108 1.0
2482 955 1.0 4274 1.0 49938 1.0
2494 8129 1.0 27235 1.0 81561 1.0 459063 1.0
2517 
2534 
2558 
2580 
2582 206256 1.0
2587 29518 1.0 37287 1.0 50654 1.0 73678 1.0 81561 1.0
2800 35709 1.0 305557 1.0
2849 12730 1.0 55883 4.0
2862 
2863 
2867 95752 1.0
2953 
2955 
3010 3042 1.0 22990 1.0 50277 1.0
3042 3010 1.0
3127 181 1.0 22093 2.0 52321 1.0 103744 2.0 249975 1.0 464535 1.0
3161 1524 1.0
3190 129673 1.0
3213 29067 1.0 44573 1.0 44576 1.0
3343 
3373 3375 2.0 129978 1.0
3375 3373 2.0
3376 
3394 9419 1.0 114022 1.0
3432 47543 1.0
3441 16147 1.0
3631 
3988 
3992 91 1.0 21191 2.0 26838 1.0 40262 1.0 42019 2.0 53330 1.0 227282 2.0
3993 
4221 8236 1.0 13747 1.0 43517 3.0
4256 91 1.0
4266 4516 4.0 52356 3.0
4274 955 2.0 2482 1.0 6962 2.0 16147 4.0 22278 1.0 29518 5.0 144958 1.0 266194 3.0 270943 2.0
4291 189902 1.0
4447 43670 1.0
4467 51413 2.0 105168 2.0
4473 46100 1.0
4474 4904 2.0 5945 1.0
4480 4904 1.0
4487 
4489 73330 2.0
4499 14302 1.0
4500 
4504 4505 2.0 30923 1.0 48095 1.0 73678 1.0 144313 1.0
4505 4504 2.0 4929 1.0 73678 1.0
4516 4266 4.0 36621 1.0 40173 2.0 52356 2.0
4529 
4533 4904 1.0 46100 1.0 58310 1.0
4546 
4549 35709 2.0 45604 3.0
4556 9419 1.0 523624 1.0
4561 205709 2.0
4678 
4697 4904 1.0
4718 163845 1.0
4737 
4768 791 1.0
4904 4474 2.0 4480 1.0 4533 1.0 4697 1.0 58310 1.0
4928 
4929 4505 1.0 4969 1.0 5441 2.0 16147 2.0
4969 4929 1.0
4997 
4998 
5003 
5119 5467 1.0
5150 
5159 
5207 90808 1.0
5250 30923 3.0
5268 2150 1.0 5452 3.0 9613 3.0 211088 1.0 225285 1.0
5285 
5312 6595 1.0 8057 1.0 21136 1.0 36267 1.0 60139 1.0 390625 1.0
5410 159383 2.0 517210 1.0
5441 4929 2.0
5452 5268 3.0 52781 1.0
5467 5119 1.0
5517 
5709 
5815 183967 2.0 227852 1.0
5834 56487 1.0 155187 1.0
5910 91 1.0
5945 4474 1.0 105166 2.0 428064 1.0
6068 
6098 
6106 
6139 
6143 
6186 102207 2.0 227282 2.0
6361 
6380 
6460 
6462 
6477 
6558 22093 1.0 68180 1.0 80385 1.0 430104 1.0
6582 7692 1.0
6595 5312 1.0 33719 1.0 146659 1.0
6714 667 1.0 48525 1.0 270943 1.0
6756 
6805 27243 1.0 40518 2.0 40531 2.0 198368 1.0
6962 2204 1.0 4274 2.0 21191 1.0 23088 1.0 27235 1.0
6981 48389 1.0 80698 1.0
6984 257328 1.0
7039 
7195 13758 1.0 48029 1.0 189943 2.0 329507 1.0
7231 35709 2.0
7280 
7281 9132 2.0
7309 185744 1.0 214439 7.0 288850 1.0
7337 
7501 
7550 27235 2.0
7559 
7596 
7608 73176 1.0 112209 3.0 239761 2.0
7620 749 2.0
7647 23088 1.0 97637 1.0 107930 1.0 132213 1.0 173390 1.0 199699 1.0
7691 7692 1.0
7692 6582 1.0 7691 1.0 41892 3.0 91917 1.0 101195 1.0 187585 1.0 392855 1.0
7757 7857 1.0
7766 22733 1.0 109618 1.0
7781 48115 1.0 300850 4.0
7786 
7792 100319 1.0 107915 1.0 165010 2.0 358319 2.0
7857 7757 1.0
7921 85032 3.0
7926 21191 1.0 24196 1.0
7974 357149 1.0 436421 3.0
7981 
8057 5312 1.0 25891 1.0 37836 2.0 95913 1.0
8093 51939 1.0 770784 1.0
8129 2494 1.0 115905 1.0 459063 3.0
8206 15587 1.0 50906 2.0 62775 6.0 126356 5.0
8214 
8236 4221 1.0 16536 6.0 25164 4.0 41888 1.0 150077 1.0 375885 4.0 575676 5.0
8609 9965 1.0 347490 4.0 535594 3.0
8744 
8766 29286 1.0 74377 1.0 107690 9.0 112156 4.0 270597 1.0 294172 1.0
8926 8928 2.0
8927 392855 1.0
8928 8926 2.0 12428 1.0
9064 
9092 198368 1.0 390353 1.0
9100 57562 2.0 493850 2.0
9116 
9122 50834 1.0
9132 7281 2.0 59206 1.0
9135 
9158 
9261 9741 2.0
9280 59206 1.0
9324 59030 2.0
9375 25219 1.0 27235 1.0 33923 1.0
9405 
9419 3394 1.0 4556 1.0
9436 
9437 23451 2.0 73734 1.0
9496 
9497 2204 1.0 9643 1.0
9579 37958 1.0
9613 5268 3.0 211088 2.0
9633 15875 1.0
9639 143674 2.0
9643 9497 1.0 18066 1.0
9645 
9662 
9701 
9709 39525 2.0
9711 
9715 
9741 9261 2.0 10100 1.0
9757 
9769 
9860 10100 1.0 59206 1.0 60274 1.0 89942 1.0 121606 1.0 135794 1.0 210810 1.0
9872 121497 1.0
9877 
9950 
9960 
9965 8609 1.0 25265 3.0
9994 186895 4.0
10014 205709 1.0 293974 1.0
10100 9741 1.0 9860 1.0
10102 470913 1.0
10186 81372 2.0
10196 68901 1.0
10223 103622 2.0
10233 25329 1.0 32189 4.0 37688 1.0 165710 1.0
10235 117923 1.0 123810 2.0
10259 15159 2.0
10285 31488 2.0 32353 1.0
10303 93159 1.0
10327 15949 2.0 30983 1.0 55016 1.0 270943 1.0
10357 10358 1.0
10358 10357 1.0
10450 
10545 
10562 
10563 
10598 47543 1.0 73678 1.0 120603 1.0
10601 246714 1.0
10758 69959 1.0 69960 1.0 346050 1.0
11048 
11134 
11318 39659 2.0
11319 
11454 
11515 
11700 
11714 141300 4.0 198676 1.0 390353 1.0 390625 1.0 408084 1.0 488489 4.0
11717 
12428 8928 1.0
12520 
12725 19761 1.0
12730 2849 1.0 21191 2.0 27235 15.0 30343 1.0 40327 1.0 153192 2.0
12855 
12863 301113 2.0
12887 95752 2.0
12958 
12971 
13210 275325 3.0
13385 
13467 
13507 
13625 169384 1.0
13626 
13650 203846 2.0
13662 65140 1.0 169384 1.0
13747 4221 1.0 13758 1.0 43517 1.0 121605 2.0
13758 87 1.0 7195 1.0 13747 1.0 121605 4.0 270614 1.0 295133 2.0 376061 1.0
13880 174456 1.0
13908 
13942 
14217 
14223 
14264 
14301 
14302 4499 1.0
14327 14851 1.0 51559 1.0 362769 1.0
14474 34156 1.0 87312 1.0 99448 1.0 195048 1.0
14482 
14508 
14512 
14650 184422 1.0
14651 16223 1.0 16224 1.0
14654 
14671 
14707 
14771 
14803 14804 2.0
14804 14803 2.0
14806 32177 2.0
14823 
14851 14327 1.0 51559 1.0
14867 
14879 
14880 240140 2.0 458437 1.0
14893 81300 2.0 197530 1.0 520285 2.0 601241 1.0 794766 1.0
14894 
15043 21962 1.0 378093 1.0
15070 
15072 2176 1.0 82672 1.0 126811 2.0 504963 5.0 548368 1.0
15159 10259 2.0
15193 
15223 252348 1.0
15423 33719 2.0 48003 1.0 146659 1.0 155187 1.0 155301 1.0 356325 1.0 423336 1.0
15559 
15586 15587 1.0
15587 8206 1.0 15586 1.0 62775 1.0
15875 9633 1.0
15948 
15949 10327 2.0
15956 
15970 
16030 
16104 
16105 23774 2.0 163379 1.0
16147 3441 1.0 4274 4.0 4929 2.0 29518 3.0 40191 1.0 86656 1.0
16149 317305 1.0 357109 2.0
16151 
16222 
16223 14651 1.0 242118 1.0
16224 14651 1.0
16235 2204 3.0
16280 16282 1.0
16282 667 1.0 16280 1.0 18619 1.0 19220 1.0 29518 1.0 42089 1.0 250850 1.0 557511 1.0
16283 16284 2.0
16284 16283 2.0 108760 1.0
16401 
16457 
16536 8236 6.0 19220 1.0 22278 1.0 25164 3.0 28571 1.0 37044 1.0 37896 2.0 41888 1.0 42019 1.0 47991 1.0 121606 1.0 168661 2.0 228589 1.0 575676 3.0
16951 
17249 
17834 
17851 
17910 
17945 44479 1.0 145900 1.0
18066 9643 1.0
18199 
18261 86296 1.0
18265 100097 2.0
18400 74377 1.0
18401 86656 2.0 160560 1.0
18418 204513 1.0 426375 1.0
18455 26952 1.0 39142 1.0
18619 16282 1.0 19220 1.0 29518 1.0 42089 1.0 250850 1.0 557511 1.0 576869 1.0
18634 41888 1.0 150077 1.0 491504 1.0
18675 
18731 
18809 37171 1.0
18813 
18835 2171 1.0 18849 1.0 53995 1.0
18836 20703 2.0
18849 2171 2.0 18835 1.0
18880 25291 3.0 48003 1.0 156051 1.0 303712 2.0
18895 73678 3.0
18923 
18959 193478 1.0 914564 1.0
18971 
19084 19085 3.0
19085 19084 3.0
19086 19219 1.0
19088 
19132 
19195 19223 1.0
19209 
19210 
19219 19086 1.0 450328 1.0
19220 16282 1.0 16536 1.0 18619 1.0 29518 1.0 42089 1.0 198385 1.0 250850 1.0 557511 1.0
19223 19195 1.0
19457 
19534 
19761 12725 1.0
19921 
20450 95868 3.0 413250 1.0
20566 66342 1.0
20602 32989 1.0 48389 1.0 280140 5.0
20638 48730 1.0
20675 53995 1.0
20676 
20703 18836 2.0 50654 1.0
20789 74021 1.0 74184 4.0 446030 1.0 446031 2.0
20793 20795 1.0 491003 1.0
20795 20793 1.0
20797 
21003 1584 2.0
21030 
21136 5312 1.0 33719 2.0 40173 1.0 588828 1.0
21159 
21160 
21191 3992 2.0 6962 1.0 7926 1.0 12730 2.0 24196 2.0 198368 1.0 338299 1.0
21196 
21221 21222 5.0
21222 21221 5.0 234911 4.0 391523 3.0 558464 3.0
21318 21319 2.0
21319 21318 2.0
21429 31488 1.0
21497 
21519 
21746 
21747 162703 1.0
21958 
21962 15043 1.0 378093 1.0
22078 
22093 3127 2.0 6558 1.0 44399 1.0 68180 1.0 80385 1.0 103744 2.0 235562 1.0 430104 1.0
22198 
22236 
22278 4274 1.0 16536 1.0 29518 1.0 102910 1.0 144958 1.0 144959 1.0 168661 1.0 252348 1.0
22372 
22733 7766 1.0
22962 
22984 115416 1.0 155301 1.0
22990 3010 1.0
23088 6962 1.0 7647 1.0 97637 4.0 199699 2.0
23203 24693 1.0
23335 
23345 
23451 9437 2.0
23774 16105 2.0 163379 1.0
23894 
23896 351883 1.0
24072 303712 3.0
24079 262289 1.0
24196 7926 1.0 21191 2.0
24281 
24315 
24316 
24404 
24479 413250 2.0 495491 2.0
24550 128869 1.0
24602 370657 1.0
24665 955 1.0
24693 23203 1.0
24938 122649 1.0
25164 8236 4.0 16536 3.0 28571 4.0 37836 1.0 41888 7.0 121606 1.0 143891 1.0 150077 2.0 252958 1.0 401561 1.0 575676 3.0
25183 419526 3.0
25219 9375 1.0
25265 9965 3.0 554287 1.0
25291 18880 3.0 67798 1.0 81630 1.0 81645 1.0 253161 1.0 303712 2.0 343919 1.0
25294 99448 1.0
25329 10233 1.0 41888 3.0 77559 1.0 154996 3.0 375885 1.0
25346 1524 7.0 73678 2.0 426073 1.0
25367 87 1.0
25471 
25507 223954 1.0 266194 1.0 304807 1.0
25572 
25711 157907 1.0
25834 40327 1.0
25890 759 1.0
25891 8057 1.0 29099 2.0 32707 2.0 37896 1.0 41892 1.0 63717 1.0 198142 1.0 326505 2.0 559417 3.0
26092 1524 1.0 267695 1.0
26105 
26293 
26376 26377 2.0 82432 1.0 378988 1.0 538556 3.0
26377 26376 2.0 538556 1.0
26475 
26731 
26821 
26830 26952 1.0 27336 1.0
26838 3992 1.0 204513 1.0
26877 32760 1.0 224325 1.0
26952 18455 1.0 26830 1.0
27063 
27082 
27234 
27235 2204 1.0 2494 1.0 6962 1.0 7550 2.0 9375 1.0 12730 15.0 29518 1.0 40191 1.0 40327 2.0 42089 2.0 42157 3.0 73176 2.0 86946 1.0 183691 1.0 198368 1.0 517972 1.0 522569 3.0
27243 6805 1.0 40518 1.0 40967 1.0 107748 1.0 148840 1.0
27335 
27336 26830 1.0
27390 
27640 
28161 80550 1.0 191605 1.0
28163 28164 1.0
28164 28163 1.0
28165 
28185 
28338 
28570 
28571 16536 1.0 25164 4.0 41888 7.0 154996 1.0 375885 1.0
28609 166733 3.0
28611 66509 1.0
28644 28668 6.0 366065 1.0
28668 28644 6.0 366065 1.0
28677 30016 1.0 30017 4.0 37810 1.0 40597 5.0 74801 8.0 81919 8.0
28694 
28826 667 3.0 40262 1.0 55502 1.0 57504 1.0 74377 1.0 376855 1.0
28840 
29067 3213 1.0 30138 1.0 36641 1.0 44573 1.0 44576 1.0 81558 1.0 211088 1.0 356194 2.0
29099 25891 2.0 32707 3.0 198142 1.0
29237 
29286 8766 1.0
29486 
29518 2587 1.0 4274 5.0 16147 3.0 16282 1.0 18619 1.0 19220 1.0 22278 1.0 27235 1.0 30632 1.0 42089 2.0 144958 1.0 250850 2.0 557511 2.0
29876 
30016 28677 1.0 30017 1.0
30017 28677 4.0 30016 1.0
30138 29067 1.0 138772 1.0 176859 1.0
30187 
30296 1524 1.0 36641 1.0 40327 1.0 60616 1.0 105354 1.0 166733 1.0 331254 1.0 391389 1.0
30342 30343 1.0
30343 12730 1.0 30342 1.0
30381 
30405 94174 1.0 104848 1.0 244830 1.0
30632 29518 1.0
30634 219103 2.0 227518 1.0
30745 
30757 
30842 81558 1.0
30843 
30883 
30923 4504 1.0 5250 3.0
30983 10327 1.0 37841 1.0 38025 1.0
31036 
31259 35939 1.0 37918 1.0
31488 10285 2.0 21429 1.0 32076 2.0 32353 4.0
31489 
31490 51939 2.0 107690 1.0
31763 
31942 
32076 31488 2.0 32353 2.0
32177 14806 2.0
32183 32184 1.0
32184 32183 1.0
32189 10233 4.0
32327 
32353 10285 1.0 31488 4.0 32076 2.0
32356 293582 2.0
32470 
32546 
32574 
32707 25891 2.0 29099 3.0 198142 1.0
32760 26877 1.0 39374 1.0 55016 1.0 90032 1.0 163108 1.0 564486 2.0
32889 
32989 20602 1.0 48389 2.0 145822 1.0 326999 1.0
33342 
33402 
33431 350603 1.0
33442 
33452 
33508 
33719 6595 1.0 15423 2.0 21136 2.0 37896 1.0 73393 1.0 110436 1.0 146659 2.0 155301 1.0
33828 
33895 38868 1.0 39525 1.0 265022 1.0
33923 9375 1.0
34156 14474 1.0 99448 3.0 102526 1.0 195048 1.0
34163 
34233 
34322 
34405 
34466 
34617 54642 1.0
34678 
35110 
35111 44479 1.0 112085 1.0 843250 1.0
35127 
35158 
35283 
35389 182857 1.0
35413 87682 1.0
35429 
35444 
35478 
35608 135191 1.0
35709 2800 1.0 4549 2.0 7231 2.0 92866 2.0 161808 2.0 305557 1.0
35785 
35939 31259 1.0 159383 1.0
36023 96734 2.0 176859 2.0 194277 2.0
36267 5312 1.0 36625 1.0
36621 4516 1.0
36625 36267 1.0 329507 1.0
36641 29067 1.0 30296 1.0 56392 1.0 246714 2.0 321302 1.0
36689 
37044 16536 1.0 114213 1.0 569727 3.0
37171 18809 1.0
37234 37257 3.0
37235 52781 3.0 82045 1.0 293255 3.0
37257 37234 3.0 162703 1.0
37287 2587 1.0
37291 
37298 50834 1.0
37380 37381 7.0 65566 2.0 65568 2.0 104350 1.0 113723 1.0 192348 2.0
37381 37380 7.0
37418 37419 3.0
37419 37418 3.0 306762 2.0
37451 
37558 80698 1.0
37561 513773 1.0
37682 
37688 10233 1.0 63717 2.0 77559 1.0 82044 1.0 244830 2.0
37692 37694 1.0
37694 37692 1.0
37756 73471 3.0 585332 1.0
37760 
37810 28677 1.0 188266 5.0 224918 1.0 245385 1.0 265788 2.0
37836 8057 2.0 25164 1.0 37896 1.0 39858 1.0 48525 1.0 387948 4.0 419316 2.0
37841 30983 1.0 38025 1.0
37896 2300 1.0 16536 2.0 25891 1.0 33719 1.0 37836 1.0 63717 1.0 559417 1.0
37918 31259 1.0 81372 1.0
37958 9579 1.0
37990 
38025 30983 1.0 37841 1.0
38053 2150 1.0
38149 52781 1.0 105450 1.0 678189 3.0
38323 
38397 
38531 
38607 
38705 
38868 33895 1.0
38904 
38978 
38996 
39074 
39142 18455 1.0
39339 
39374 32760 1.0 41892 2.0 392855 2.0
39525 9709 2.0 33895 1.0 101195 1.0 392855 4.0
39527 
39643 
39659 11318 2.0 123663 1.0
39708 91478 1.0
39746 
39765 39766 1.0 82044 1.0 159484 1.0
39766 39765 1.0 82044 1.0
39858 37836 1.0 387948 1.0
39979 
40086 
40168 199912 1.0 268928 1.0
40173 4516 2.0 21136 1.0 391389 2.0
40191 16147 1.0 27235 1.0 266194 5.0
40262 3992 1.0 28826 1.0 376855 1.0
40284 531227 1.0
40285 
40301 52161 1.0 93866 1.0
40327 12730 1.0 25834 1.0 27235 2.0 30296 1.0
40387 
40497 
40518 6805 2.0 27243 1.0
40531 955 1.0 6805 2.0
40597 28677 5.0 74801 1.0
40606 150077 1.0 154996 1.0
40653 40654 3.0 158541 3.0 253223 2.0 386135 3.0
40654 40653 3.0 66504 1.0
40672 91 4.0 843250 1.0
40803 324571 1.0
40941 
40967 27243 1.0 107748 2.0
41148 
41511 42145 1.0 99448 2.0 162703 1.0
41537 
41806 
41888 8236 1.0 16536 1.0 18634 1.0 25164 7.0 25329 3.0 28571 7.0 47991 1.0 81558 1.0 147269 2.0 150077 6.0 154996 4.0 252958 3.0 375885 2.0
41892 7692 3.0 25891 1.0 39374 2.0 81558 1.0 101195 1.0 187585 1.0 326505 3.0 392855 3.0 559417 1.0
41950 468508 1.0
42019 3992 2.0 16536 1.0
42032 
42038 
42089 16282 1.0 18619 1.0 19220 1.0 27235 2.0 29518 2.0 250850 2.0 557511 2.0
42108 
42145 41511 1.0 99448 1.0
42157 27235 3.0
42282 87787 1.0
42383 
42520 74801 1.0 81919 1.0 269772 3.0 389656 4.0 522830 3.0 522832 2.0
42728 
42875 
43466 
43517 4221 3.0 13747 1.0
43670 4447 1.0 82349 1.0
43712 
43831 
44170 
44272 
44301 
44326 
44359 105577 4.0
44391 
44399 22093 1.0 44573 2.0 79707 1.0
44469 
44479 17945 1.0 35111 1.0 145900 1.0
44563 
44573 3213 1.0 29067 1.0 44399 2.0 44576 3.0 79707 1.0
44574 
44576 3213 1.0 29067 1.0 44573 3.0
44664 
44712 
44783 
44961 
45182 192402 1.0
45437 
45468 
45512 103111 1.0
45514 
45604 848 1.0 4549 3.0
45712 61824 1.0
45830 
46000 
46100 4473 1.0 4533 1.0
46164 
46232 
46342 
47025 
47165 91 1.0
47543 3432 1.0 10598 1.0
47606 
47696 
47990 
47991 16536 1.0 41888 1.0 57000 1.0 81558 1.0
48003 15423 1.0 18880 1.0 52781 5.0 155187 1.0 156051 1.0 163405 3.0 241600 2.0 293255 1.0 301113 1.0
48029 87 2.0 955 1.0 7195 1.0 79730 1.0 219898 2.0
48031 
48095 4504 1.0
48115 7781 1.0 300850 1.0
48117 
48162 
48174 1524 1.0
48181 97637 1.0 123078 1.0
48184 
48193 
48299 
48389 6981 1.0 20602 1.0 32989 2.0
48455 
48499 
48525 6714 1.0 37836 1.0 387948 1.0
48730 20638 1.0
48740 
48834 
48835 
49209 
49210 
49319 
49322 
49482 
49489 
49558 121627 1.0
49665 
49718 297176 1.0
49938 2482 1.0
50052 
50277 3010 1.0
50285 73678 1.0 490813 2.0
50346 87679 1.0
50383 
50531 
50654 2587 1.0 20703 1.0 423336 1.0
50703 50704 2.0 50705 2.0
50704 50703 2.0 50705 2.0
50705 50703 2.0 50704 2.0 53824 1.0 117598 5.0
50733 1598 2.0 87610 1.0
50809 
50834 9122 1.0 37298 1.0 210809 1.0
50875 
50906 8206 2.0 62775 2.0 126356 2.0
51413 4467 2.0
51430 
51451 92657 1.0
51548 
51559 14327 1.0 14851 1.0 54412 1.0
51561 100037 1.0 382235 1.0
51647 2300 1.0 52725 2.0
51729 
51939 8093 1.0 31490 2.0 770784 1.0
51946 
52161 40301 1.0
52321 3127 1.0 249975 3.0 464535 3.0
52356 4266 3.0 4516 2.0
52654 
52655 
52700 
52711 
52722 
52725 2300 1.0 51647 2.0
52781 87 1.0 5452 1.0 37235 3.0 38149 1.0 48003 5.0 58674 1.0 121140 1.0 162703 1.0 241600 1.0 293255 6.0
53329 99140 2.0
53330 3992 1.0 156051 1.0
53655 
53665 
53824 50705 1.0
53867 70901 1.0
53885 
53923 
53984 
53995 18835 1.0 20675 1.0
54176 
54202 
54323 
54365 
54412 51559 1.0 96098 2.0 123810 1.0 478469 3.0
54489 
54548 54549 3.0
54549 54548 3.0
54642 34617 1.0 122649 1.0
54644 
54645 
54786 
54811 
55016 10327 1.0 32760 1.0 105450 1.0 123663 1.0
55333 
55418 
55447 
55494 
55502 28826 1.0
55598 
55673 
55776 
55793 
55794 
55883 2849 4.0
56392 36641 1.0 246714 1.0
56426 218178 1.0
56487 5834 1.0 155187 1.0
56513 
56718 
56836 174694 1.0
57000 47991 1.0 81558 14.0 104848 2.0
57504 28826 1.0 186833 1.0 564213 1.0
57562 9100 2.0 193478 1.0 272212 1.0 296416 1.0 493850 4.0
57723 522569 2.0
57957 
58310 4533 1.0 4904 1.0
58512 
58674 52781 1.0 69249 1.0 79730 1.0 188770 2.0 270614 1.0
58733 
58999 
59030 9324 2.0
59046 114684 1.0
59091 
59206 9132 1.0 9280 1.0 9860 1.0
59234 
59506 
59977 167514 1.0
60089 
60139 5312 1.0 245385 1.0
60146 
60207 
60273 
60274 977 1.0 9860 1.0
60616 30296 1.0 105354 1.0
60704 
60706 
60945 
60980 228352 1.0
61150 
61343 
61498 74839 1.0 112120 4.0 132927 1.0 386528 2.0
61696 125197 1.0
61824 45712 1.0
61825 61827 1.0 147454 2.0
61827 61825 1.0 147454 2.0
62563 66535 1.0
62593 
62618 
62665 
62775 8206 6.0 15587 1.0 50906 2.0 126356 5.0
62928 
63265 
63412 
63643 
63690 128869 1.0
63697 66534 3.0 66535 1.0 79885 1.0 219675 1.0 374781 1.0
63701 
63717 87 1.0 879 1.0 25891 1.0 37688 2.0 37896 1.0 82044 1.0
64433 
64641 
64674 
64862 
64894 
65015 
65060 
65061 
65140 13662 1.0 66729 1.0 169384 3.0
65242 
65362 
65543 
65566 37380 2.0 65568 4.0 104350 1.0 113723 1.0 192348 2.0
65567 
65568 37380 2.0 65566 4.0 104350 1.0 113723 1.0 192348 3.0
65767 
66342 20566 1.0 81630 1.0
66405 
66407 
66504 40654 1.0
66509 28611 1.0
66534 63697 3.0 66535 1.0
66535 62563 1.0 63697 1.0 66534 1.0
66635 
66729 65140 1.0
66866 93866 2.0
66950 
67054 
67680 
67798 25291 1.0 81645 1.0 121140 1.0 253161 1.0 343919 1.0 366065 1.0
67963 
68042 179078 2.0
68083 269772 2.0
68169 955 1.0
68180 6558 1.0 22093 1.0 80385 1.0 430104 1.0
68265 
68570 
68840 
68901 10196 1.0
69209 
69248 
69249 58674 1.0 420272 1.0
69339 
69341 
69342 91240 1.0 93783 2.0
69343 192402 2.0
69375 
69538 72278 1.0 114924 1.0
69642 
69781 123011 3.0 128391 3.0 129673 2.0
69944 70901 1.0 640906 2.0 730481 1.0
69959 10758 1.0 69960 9.0 69961 2.0 227896 3.0 346050 8.0 491003 1.0
69960 10758 1.0 69959 9.0 69961 1.0 346050 6.0
69961 69959 2.0 69960 1.0 227896 1.0 346050 1.0
70093 517972 1.0
70549 
70853 
70901 53867 1.0 69944 1.0
70946 
71260 91032 1.0 633992 1.0
71371 
71633 
71656 
72020 
72271 
72278 69538 1.0 114924 1.0
72620 
72685 
73005 
73031 
73032 
73176 7608 1.0 27235 2.0
73330 4489 2.0
73375 
73393 33719 1.0
73395 
73427 
73471 37756 3.0 585332 3.0
73635 
73678 1524 2.0 2587 1.0 4504 1.0 4505 1.0 10598 1.0 18895 3.0 25346 2.0 50285 1.0 120603 2.0 490813 1.0
73688 
73734 9437 1.0
73996 
74021 20789 1.0
74184 20789 4.0 446031 1.0
74207 
74220 
74377 8766 1.0 18400 1.0 28826 1.0 208408 2.0
74599 97536 1.0 167514 1.0
74628 
74686 79725 3.0 91850 1.0 128869 1.0
74801 28677 8.0 40597 1.0 42520 1.0 81919 2.0
74839 61498 1.0 212101 2.0
75277 759 2.0
75369 1598 1.0
75387 
75393 
75937 
76000 
76012 
76211 80550 1.0
76258 
76627 
76711 185744 1.0 278606 1.0
76756 
76797 101195 1.0 148840 1.0 537987 1.0
76798 2181 1.0
77128 
77559 25329 1.0 37688 1.0
77961 
78144 
78436 
78675 
78726 
78806 
79022 
79345 155301 1.0
79643 
79707 44399 1.0 44573 1.0
79709 
79725 74686 3.0
79730 87 2.0 48029 1.0 58674 1.0
79821 79837 6.0 107856 1.0 109499 1.0 278713 5.0
79837 79821 6.0 109499 1.0
79885 63697 1.0 219675 3.0 374781 1.0
79914 157397 1.0
80050 
80227 
80385 6558 1.0 22093 1.0 68180 1.0 430104 1.0
80402 
80550 28161 1.0 76211 1.0
80571 
80572 
80698 6981 1.0 37558 1.0 182283 1.0 591856 1.0
80735 
80749 351271 3.0 423610 2.0
81035 
81300 14893 2.0
81372 10186 2.0 37918 1.0
81532 148840 1.0 318007 1.0 537987 1.0
81558 29067 1.0 30842 1.0 41888 1.0 41892 1.0 47991 1.0 57000 14.0 81645 1.0 104848 5.0 144959 1.0 150077 1.0 252958 1.0
81561 2494 1.0 2587 1.0
81597 
81629 99924 3.0 576643 1.0
81630 25291 1.0 66342 1.0
81645 25291 1.0 67798 1.0 81558 1.0 234911 1.0 253161 1.0 343919 1.0 457361 1.0 558503 1.0
81700 
81701 152862 1.0 319455 2.0
81919 28677 8.0 42520 1.0 74801 2.0 389656 1.0 522832 2.0
81944 791 1.0
81989 
82044 37688 1.0 39765 1.0 39766 1.0 63717 1.0
82045 667 1.0 37235 1.0
82063 
82064 
82118 
82349 43670 1.0
82403 
82432 26376 1.0 378988 2.0 538556 1.0
82466 162824 2.0
82530 
82672 15072 1.0
82885 
83124 
83229 
83493 250607 2.0
83779 
83828 
84892 
84916 
84966 84967 2.0
84967 84966 2.0
85032 7921 3.0
85033 
85341 
85468 
85573 
85663 
86070 
86107 
86232 
86296 18261 1.0
86519 
86655 
86656 16147 1.0 18401 2.0 160560 1.0
86946 27235 1.0 522569 1.0
87046 
87244 
87312 14474 1.0
87610 50733 1.0
87679 50346 1.0 87681 1.0 87682 1.0
87681 87679 1.0 87682 3.0 188414 1.0
87682 35413 1.0 87679 1.0 87681 3.0
87787 42282 1.0
88115 
88339 
88713 274001 1.0
88817 
88872 
88939 
89031 524474 2.0
89604 
89632 
89942 9860 1.0 530409 1.0
90032 32760 1.0
90457 
90808 5207 1.0
90809 
91021 
91032 71260 1.0
91240 69342 1.0 93783 1.0
91478 39708 1.0
91654 370657 2.0
91728 
91850 74686 1.0 128869 1.0 155187 1.0
91917 7692 1.0
92331 
92341 
92388 200056 3.0
92409 
92593 
92594 
92637 187585 1.0
92657 51451 1.0
92866 35709 2.0 161808 2.0
92876 
93092 
93159 100 1.0 10303 1.0
93303 
93604 
93713 
93783 69342 2.0 91240 1.0 93866 1.0
93854 141519 1.0 325273 1.0
93866 40301 1.0 66866 2.0 93783 1.0 157397 1.0
94100 2171 1.0
94174 30405 1.0 244830 1.0
94318 
94324 
94741 
95265 223671 4.0 223920 2.0
95752 2867 1.0 12887 2.0 128869 1.0 523624 1.0
95774 
95775 458622 1.0
95793 749 1.0 148840 1.0 198368 1.0 573761 1.0
95868 20450 3.0 413250 1.0
95913 8057 1.0
95966 
96098 54412 2.0
96493 
96577 
96734 36023 2.0 110705 1.0 114684 1.0 176859 2.0 194277 2.0
97007 102796 1.0
97009 
97133 
97521 
97536 74599 1.0 167514 1.0
97637 7647 1.0 23088 4.0 48181 1.0 199699 2.0
98376 
98418 
98597 
98866 
98938 
99032 
99140 53329 2.0
99197 
99448 14474 1.0 25294 1.0 34156 3.0 41511 2.0 42145 1.0 195048 1.0
99514 370657 1.0
99694 
99924 81629 3.0
99976 
100037 51561 1.0 382235 1.0
100097 18265 2.0
100319 7792 1.0 358319 1.0
100341 
100442 
100676 138772 2.0 657425 1.0
101195 7692 1.0 39525 1.0 41892 1.0 76797 1.0 148840 1.0 537987 1.0
101642 
102023 
102207 6186 2.0 227282 2.0
102463 
102526 34156 1.0
102578 
102796 2184 1.0 97007 1.0
102832 219103 1.0
102910 22278 1.0 144959 1.0
103029 
103064 
103079 
103111 45512 1.0
103545 
103622 10223 2.0
103706 123663 1.0
103744 3127 2.0 22093 2.0
103758 
104216 
104350 37380 1.0 65566 1.0 65568 1.0 113723 1.0 192348 1.0 386443 1.0
104738 
104771 
104848 30405 1.0 57000 2.0 81558 5.0 105450 2.0 159383 1.0
105056 
105107 105166 1.0
105166 5945 2.0 105107 1.0 428064 1.0
105168 4467 2.0
105354 30296 1.0 60616 1.0 128869 1.0
105396 
105450 38149 1.0 55016 1.0 104848 2.0 123663 1.0
105577 44359 4.0 135191 1.0
105987 
106073 143763 1.0
106188 403903 1.0
106226 262886 3.0
106679 
107231 
107238 
107304 
107557 
107690 8766 9.0 31490 1.0 112156 4.0 112244 3.0
107748 27243 1.0 40967 2.0
107856 79821 1.0
107915 7792 1.0 165010 1.0
107922 
107930 7647 1.0 173390 2.0 212101 1.0 294286 2.0
108304 
108565 225276 1.0
108758 
108760 16284 1.0
108792 
109009 
109325 
109447 
109499 79821 1.0 79837 1.0 278713 1.0
109570 
109618 7766 1.0
109730 166767 1.0
109785 
110436 33719 1.0
110705 96734 1.0
110979 141534 1.0
111273 
111894 
112085 35111 1.0 843250 1.0
112120 61498 4.0 386528 3.0
112156 8766 4.0 107690 4.0
112209 7608 3.0 112210 1.0 239761 2.0
112210 112209 1.0
112244 107690 3.0
112472 
113353 
113509 
113723 37380 1.0 65566 1.0 65568 1.0 104350 1.0 192348 1.0
114022 3394 1.0
114213 37044 1.0 148840 1.0 537987 1.0
114684 59046 1.0 96734 1.0 301082 2.0
114924 69538 1.0 72278 1.0 166767 1.0
115416 22984 1.0 671639 1.0
115698 
115905 8129 1.0 459063 1.0
116305 
116683 223748 1.0
117598 50705 5.0
117923 10235 1.0
118336 
118347 
118429 146659 2.0
119272 274001 1.0
119406 
119887 
120240 
120567 
120603 879 1.0 10598 1.0 73678 2.0
120980 
121140 52781 1.0 67798 1.0 221822 3.0
121300 
121364 
121497 9872 1.0
121566 
121584 
121605 13747 2.0 13758 4.0 376061 1.0
121606 9860 1.0 16536 1.0 25164 1.0
121627 49558 1.0
121760 
122107 
122649 24938 1.0 54642 1.0
122799 175675 1.0 175839 1.0 543758 4.0
122961 
123011 69781 3.0 128391 5.0 129673 3.0 363910 1.0
123051 266194 2.0 304807 1.0
123078 48181 1.0
123663 39659 1.0 55016 1.0 103706 1.0 105450 1.0 148852 1.0 163108 1.0
123810 10235 2.0 54412 1.0
124215 
124943 188414 1.0
125197 61696 1.0
126352 198890 1.0
126356 8206 5.0 50906 2.0 62775 5.0
126811 15072 2.0 504963 1.0 548368 2.0
128296 
128302 177369 1.0 351515 1.0
128334 
128391 69781 3.0 123011 5.0 129673 3.0 363910 1.0
128753 
128869 24550 1.0 63690 1.0 74686 1.0 91850 1.0 95752 1.0 105354 1.0 155187 1.0 223954 1.0 523624 1.0
128885 
129309 
129403 
129673 3190 1.0 69781 2.0 123011 3.0 128391 3.0
129690 
129832 
129931 
129978 3373 1.0 316572 1.0
130432 
130573 
130808 
131373 
131591 253958 1.0
131851 552554 1.0
132213 7647 1.0
132415 272221 1.0 635532 1.0
132568 468508 2.0
132819 
132821 
132887 
132927 61498 1.0
133294 
133331 147454 1.0
134201 
134235 
134985 
135162 
135191 35608 1.0 105577 1.0
135226 
135751 
135794 9860 1.0
136176 
136207 
137348 
137428 157968 1.0
138772 30138 1.0 100676 2.0
138778 
140112 
140992 
141300 11714 4.0 198676 1.0 408084 1.0 488489 4.0
141519 93854 1.0 325273 5.0 382546 2.0
141534 110979 1.0
141715 
141830 160556 2.0
142372 
143008 
143275 
143300 
143310 
143425 143427 3.0
143427 143425 3.0
143579 
143674 9639 2.0
143763 106073 1.0
143891 25164 1.0 154996 1.0 401561 1.0 555531 1.0
144313 4504 1.0
144473 167514 1.0
144562 
144579 166063 1.0
144716 
144958 4274 1.0 22278 1.0 29518 1.0
144959 22278 1.0 81558 1.0 102910 1.0
145106 152862 1.0
145574 
145822 32989 1.0 326999 1.0
145900 17945 1.0 44479 1.0
146080 
146659 6595 1.0 15423 1.0 33719 2.0 118429 2.0
146816 
146945 
146946 
147096 
147268 
147269 41888 2.0
147346 
147347 
147454 61825 2.0 61827 2.0 133331 1.0
147565 
148434 224325 1.0
148757 
148840 27243 1.0 76797 1.0 81532 1.0 95793 1.0 101195 1.0 114213 1.0 537987 4.0
148848 
148852 123663 1.0
149348 
149448 
149473 
149552 
149820 
149827 
150077 8236 1.0 18634 1.0 25164 2.0 40606 1.0 41888 6.0 81558 1.0 154996 1.0 252958 1.0
150377 297867 1.0
150711 
151326 
151865 297867 1.0
152136 
152350 
152862 81701 1.0 145106 1.0 417896 1.0 468508 1.0
153192 12730 2.0
153868 
154996 25329 3.0 28571 1.0 40606 1.0 41888 4.0 143891 1.0 150077 1.0 375885 1.0
155187 5834 1.0 15423 1.0 48003 1.0 56487 1.0 91850 1.0 128869 1.0
155301 15423 1.0 22984 1.0 33719 1.0 79345 1.0
155490 879 1.0 195048 1.0 270597 1.0
155792 
156049 
156051 18880 1.0 48003 1.0 53330 1.0 184670 1.0 233577 2.0
156335 
156720 
156859 
156910 
157193 
157378 
157397 79914 1.0 93866 1.0 251761 1.0 297176 1.0
157417 
157787 496813 1.0
157907 25711 1.0
157968 137428 1.0
158016 
158361 158362 1.0 421339 6.0
158362 158361 1.0 421339 1.0
158541 40653 3.0 386135 3.0
158572 
158738 
159358 
159383 5410 2.0 35939 1.0 104848 1.0
159450 
159484 39765 1.0
159775 
160006 
160164 
160556 141830 2.0
160560 18401 1.0 86656 1.0 207911 1.0 251871 1.0
160926 
160955 
161333 
161367 
161808 35709 2.0 92866 2.0
162078 
162204 466652 2.0
162703 21747 1.0 37257 1.0 41511 1.0 52781 1.0
162824 82466 2.0
163108 2460 1.0 32760 1.0 123663 1.0 313393 2.0
163355 178233 1.0
163379 16105 1.0 23774 1.0 272238 1.0
163405 48003 3.0
163845 4718 1.0
163867 
164389 
165010 7792 2.0 107915 1.0 358319 1.0
165333 
165598 
165710 10233 1.0
165714 
165716 
166063 144579 1.0
166733 28609 3.0 30296 1.0
166767 109730 1.0 114924 1.0 184414 1.0
167004 
167259 
167514 59977 1.0 74599 1.0 97536 1.0 144473 1.0
167924 
168036 
168037 
168661 16536 2.0 22278 1.0
168709 
168955 
169384 13625 1.0 13662 1.0 65140 3.0
169540 
170380 
170402 
170993 
172390 
172578 
172910 
173389 
173390 7647 1.0 107930 2.0 212101 1.0 294286 2.0
173556 
173603 
174230 192402 1.0
174410 
174456 13880 1.0
174505 
174694 56836 1.0
175675 122799 1.0 543758 1.0
175754 
175839 122799 1.0
175998 
176859 30138 1.0 36023 2.0 96734 2.0 194277 2.0
176933 
177300 
177369 128302 1.0 351515 3.0
177680 
178233 163355 1.0 511540 1.0
179016 
179078 68042 2.0
179741 
180680 
181166 
181577 
181646 
182283 80698 1.0 591856 1.0
182284 
182857 35389 1.0
183372 
183691 27235 1.0
183967 5815 2.0
184057 
184090 
184095 
184414 166767 1.0
184422 14650 1.0
184668 
184670 2300 1.0 156051 1.0
185744 7309 1.0 76711 1.0 278606 1.0
186695 
186711 
186833 57504 1.0
186895 9994 4.0
187141 423610 1.0
187585 7692 1.0 41892 1.0 92637 1.0
188266 37810 5.0 245385 1.0 265788 2.0
188414 87681 1.0 124943 1.0
188770 58674 2.0
188900 
189113 
189672 650640 1.0
189748 
189763 
189848 
189902 4291 1.0
189943 7195 2.0
191491 
191596 
191605 28161 1.0
192225 
192348 37380 2.0 65566 2.0 65568 3.0 104350 1.0 113723 1.0
192402 45182 1.0 69343 2.0 174230 1.0
193068 
193478 18959 1.0 57562 1.0 296416 1.0 914564 1.0
193925 
194137 
194277 36023 2.0 96734 2.0 176859 2.0 283877 2.0 663289 2.0
194485 
194730 
195048 879 1.0 14474 1.0 34156 1.0 99448 1.0 155490 1.0 270597 1.0
195600 
196174 
197014 
197442 
197530 14893 1.0 794766 1.0
197567 
198115 198117 1.0 376463 1.0
198117 198115 1.0 376463 1.0
198142 25891 1.0 29099 1.0 32707 1.0
198368 6805 1.0 9092 1.0 21191 1.0 27235 1.0 95793 1.0 390353 1.0
198385 19220 1.0
198518 343567 4.0
198534 
198676 11714 1.0 141300 1.0 488489 1.0
198889 
198890 126352 1.0
198891 513855 1.0
199699 7647 1.0 23088 2.0 97637 2.0
199706 
199912 40168 1.0
199933 
200056 92388 3.0
200444 
201015 343884 1.0
201235 
203074 
203402 
203539 
203650 
203846 13650 2.0
204132 
204513 18418 1.0 26838 1.0
205126 
205474 
205481 
205662 
205709 4561 2.0 10014 1.0
206235 449548 1.0
206256 2582 1.0
206756 
207034 
207911 160560 1.0 251871 1.0 365406 2.0
208408 74377 2.0
210809 50834 1.0
210810 9860 1.0 225527 2.0
211088 5268 1.0 9613 2.0 29067 1.0
211251 
211718 
212101 74839 2.0 107930 1.0 173390 1.0 294286 1.0
212842 
212843 
214439 7309 7.0 288850 5.0
214993 955 1.0
215040 
215702 
216276 338299 2.0
216513 
217206 
217648 
218178 56426 1.0
219103 30634 2.0 102832 1.0
219116 
219675 63697 1.0 79885 3.0 374781 1.0
219898 48029 2.0
220371 
221822 121140 3.0
221928 514517 1.0
221943 251761 1.0 330845 1.0
222170 
222171 
222565 457981 3.0
223298 
223671 95265 4.0
223748 116683 1.0
223920 95265 2.0
223954 25507 1.0 128869 1.0
224325 26877 1.0 148434 1.0
224908 
224918 37810 1.0 301816 1.0
225257 
225276 108565 1.0
225285 5268 1.0
225527 210810 2.0
226311 
227282 3992 2.0 6186 2.0 102207 2.0 344595 1.0
227518 30634 1.0
227608 
227741 
227852 5815 1.0
227896 69959 3.0 69961 1.0
228320 
228352 60980 1.0
228589 16536 1.0
230942 
231966 445293 2.0
232199 
232500 
233577 156051 2.0
234599 
234911 21222 4.0 81645 1.0 391523 4.0 457361 1.0 558464 4.0 558503 1.0
235113 593661 1.0
235562 22093 1.0
235582 
236785 
238082 
239761 7608 2.0 112209 2.0
240140 14880 2.0 458437 1.0
241600 48003 2.0 52781 1.0 293255 1.0 466540 1.0
242118 16223 1.0 520285 1.0 562316 1.0
242273 
242683 
244617 269727 1.0
244728 2300 1.0
244830 30405 1.0 37688 2.0 94174 1.0
245301 
245385 37810 1.0 60139 1.0 188266 1.0 265788 1.0
245789 
246714 10601 1.0 36641 2.0 56392 1.0
249670 531227 2.0
249975 3127 1.0 52321 3.0 464535 3.0
250270 
250607 83493 2.0
250850 16282 1.0 18619 1.0 19220 1.0 29518 2.0 42089 2.0 557511 2.0
251736 
251761 157397 1.0 221943 1.0
251871 160560 1.0 207911 1.0
252348 15223 1.0 22278 1.0 372871 1.0
252958 25164 1.0 41888 3.0 81558 1.0 150077 1.0
253161 25291 1.0 67798 1.0 81645 1.0 343919 1.0
253223 40653 2.0
253958 131591 1.0
255824 
256190 
256450 
257328 6984 1.0 358752 2.0
259751 262776 1.0
261409 
261883 
262289 24079 1.0
262776 259751 1.0
262826 
262886 106226 3.0
264470 
264795 
265022 33895 1.0
265788 1598 1.0 37810 2.0 188266 2.0 245385 1.0
265808 
266194 4274 3.0 25507 1.0 40191 5.0 123051 2.0 270943 1.0 304807 2.0
266853 
267695 1524 1.0 26092 1.0
268928 40168 1.0
269660 
269661 
269727 244617 1.0
269771 
269772 42520 3.0 68083 2.0
270523 
270594 
270597 879 1.0 8766 1.0 155490 1.0 195048 1.0
270614 13758 1.0 58674 1.0
270943 955 1.0 4274 2.0 6714 1.0 10327 1.0 266194 1.0
271378 
272171 
272212 57562 1.0 493850 1.0
272221 132415 1.0 360256 4.0 635532 1.0
272238 163379 1.0
272270 
272356 
272693 
273008 
273432 
274001 88713 1.0 119272 1.0
275259 
275325 13210 3.0
277275 
277315 
277535 
278606 76711 1.0 185744 1.0
278713 79821 5.0 109499 1.0
280140 20602 5.0
283877 194277 2.0 663289 2.0
284394 
288850 7309 1.0 214439 5.0
289448 
289946 
290102 
290323 
290843 
291060 
291232 
293255 37235 3.0 48003 1.0 52781 6.0 241600 1.0
293582 32356 2.0
293974 10014 1.0
294172 8766 1.0
294219 
294286 107930 2.0 173390 2.0 212101 1.0
294814 
295133 13758 2.0
295223 
296416 57562 1.0 193478 1.0 493850 1.0
296619 
297176 49718 1.0 157397 1.0
297867 150377 1.0 151865 1.0
300850 7781 4.0 48115 1.0
301052 
301082 114684 2.0
301113 12863 2.0 48003 1.0
301816 224918 1.0
302469 313431 3.0
303166 542893 1.0
303712 18880 2.0 24072 3.0 25291 2.0
304329 
304807 25507 1.0 123051 1.0 266194 2.0
305557 2800 1.0 35709 1.0
306762 37419 2.0
306832 
309444 
312603 
313057 
313393 163108 2.0
313431 302469 3.0
315891 
316572 129978 1.0
317305 16149 1.0
318007 81532 1.0
319455 81701 2.0
321302 36641 1.0
322126 
324571 40803 1.0
325273 93854 1.0 141519 5.0
325280 
326505 25891 2.0 41892 3.0 559417 1.0
326929 
326999 32989 1.0 145822 1.0
327030 
327088 
328734 
329507 7195 1.0 36625 1.0
330845 221943 1.0
331254 30296 1.0
335103 
336857 
338066 
338299 21191 1.0 216276 2.0
343567 955 1.0 198518 4.0
343884 100 1.0 201015 1.0
343919 25291 1.0 67798 1.0 81645 1.0 253161 1.0
344578 
344595 227282 1.0
344842 
346050 10758 1.0 69959 8.0 69960 6.0 69961 1.0 491003 1.0
347014 
347234 
347490 8609 4.0 535594 2.0
348174 
349167 
350603 33431 1.0
351271 80749 3.0 423610 2.0
351515 128302 1.0 177369 3.0
351883 23896 1.0
351896 
354517 
354633 
356194 29067 2.0
356291 
356325 15423 1.0
357109 16149 2.0
357149 7974 1.0
357722 
358319 7792 2.0 100319 1.0 165010 1.0
358398 
358752 257328 2.0
359655 
360256 272221 4.0
362311 
362408 
362769 14327 1.0
363343 531227 1.0
363910 123011 1.0 128391 1.0
365406 207911 2.0
365700 449548 1.0
365788 
366065 28644 1.0 28668 1.0 67798 1.0
367123 
367799 
368615 91 1.0
370657 24602 1.0 91654 2.0 99514 1.0
371141 
371218 
372871 252348 1.0
374781 63697 1.0 79885 1.0 219675 1.0
375162 
375885 8236 4.0 25329 1.0 28571 1.0 41888 2.0 154996 1.0 575676 2.0
376061 13758 1.0 121605 1.0
376463 198115 1.0 198117 1.0
376824 
376855 28826 1.0 40262 1.0
377548 
378093 15043 1.0 21962 1.0
378988 26376 1.0 82432 2.0 538556 1.0
382209 
382235 51561 1.0 100037 1.0
382546 141519 2.0
383463 
383982 
386135 40653 3.0 158541 3.0
386152 
386443 104350 1.0
386528 61498 2.0 112120 3.0
387078 
387948 37836 4.0 39858 1.0 48525 1.0
389656 42520 4.0 81919 1.0 522830 3.0 522832 2.0
389674 
390294 
390353 9092 1.0 11714 1.0 198368 1.0
390625 5312 1.0 11714 1.0
391134 423610 1.0
391389 30296 1.0 40173 2.0
391523 21222 3.0 234911 4.0 558464 4.0 734253 2.0
391622 
392855 7692 1.0 8927 1.0 39374 2.0 39525 4.0 41892 3.0
394675 
400266 
401061 
401561 25164 1.0 143891 1.0
402282 
402430 
403903 106188 1.0 578835 2.0
408084 11714 1.0 141300 1.0 488489 1.0
413250 20450 1.0 24479 2.0 95868 1.0
414632 
416517 515313 1.0
417896 152862 1.0
419316 37836 2.0
419526 25183 3.0
420272 69249 1.0
421339 158361 6.0 158362 1.0
423336 15423 1.0 50654 1.0
423610 80749 2.0 187141 1.0 351271 2.0 391134 1.0
426073 1524 1.0 25346 1.0
426375 18418 1.0
426881 
426996 
428064 5945 1.0 105166 1.0
429894 
430104 6558 1.0 22093 1.0 68180 1.0 80385 1.0
431049 601241 1.0
433623 
435131 
436421 7974 3.0
439174 
440170 
445047 
445293 231966 2.0
445880 
446030 20789 1.0 446031 1.0
446031 20789 2.0 74184 1.0 446030 1.0
449548 206235 1.0 365700 1.0
450328 19219 1.0
451675 
456291 
457361 81645 1.0 234911 1.0 558503 1.0
457981 222565 3.0
458437 14880 1.0 240140 1.0
458622 95775 1.0
459063 2494 1.0 8129 3.0 115905 1.0
460550 
464535 3127 1.0 52321 3.0 249975 3.0
466526 
466540 241600 1.0
466652 162204 2.0
468508 41950 1.0 132568 2.0 152862 1.0
470913 10102 1.0
478469 54412 3.0
487012 
488489 11714 4.0 141300 4.0 198676 1.0 408084 1.0
490741 
490813 50285 2.0 73678 1.0
491003 20793 1.0 69959 1.0 346050 1.0
491504 18634 1.0
493850 9100 2.0 57562 4.0 272212 1.0 296416 1.0
495491 24479 2.0
496813 157787 1.0
504963 15072 5.0 126811 1.0 548368 1.0
507201 
507832 
508057 
511540 178233 1.0
513679 
513773 37561 1.0
513855 198891 1.0
514517 221928 1.0
515313 416517 1.0
517210 5410 1.0
517972 27235 1.0 70093 1.0
520285 14893 2.0 242118 1.0 562316 1.0
522569 27235 3.0 57723 2.0 86946 1.0
522830 42520 3.0 389656 3.0 522832 1.0
522832 42520 2.0 81919 2.0 389656 2.0 522830 1.0
523624 4556 1.0 95752 1.0 128869 1.0
524474 89031 2.0
530409 89942 1.0
531227 40284 1.0 249670 2.0 363343 1.0
535549 
535580 
535581 
535594 8609 3.0 347490 2.0
537987 76797 1.0 81532 1.0 101195 1.0 114213 1.0 148840 4.0
538556 26376 3.0 26377 1.0 82432 1.0 378988 1.0
540484 
540949 
541943 
542893 303166 1.0 593661 2.0
543758 122799 4.0 175675 1.0
548368 15072 1.0 126811 2.0 504963 1.0
552554 131851 1.0
554287 25265 1.0
555531 143891 1.0
557511 16282 1.0 18619 1.0 19220 1.0 29518 2.0 42089 2.0 250850 2.0
558464 21222 3.0 234911 4.0 391523 4.0
558503 81645 1.0 234911 1.0 457361 1.0
559417 25891 3.0 37896 1.0 41892 1.0 326505 1.0
562316 242118 1.0 520285 1.0
564213 57504 1.0
564486 32760 2.0
569537 
569727 37044 3.0
573761 95793 1.0
575676 8236 5.0 16536 3.0 25164 3.0 375885 2.0
576643 81629 1.0
576869 18619 1.0
578403 
578835 403903 2.0
583800 
585332 37756 1.0 73471 3.0
588828 21136 1.0
588975 
590963 
591856 80698 1.0 182283 1.0
593661 235113 1.0 542893 2.0
596265 
601241 14893 1.0 431049 1.0
608480 
609701 
610612 
614342 
616543 
618340 618342 1.0
618342 618340 1.0
622034 
633992 71260 1.0
635532 132415 1.0 272221 1.0
640593 
640906 69944 2.0
647982 
650640 189672 1.0
655198 
657425 100676 1.0
663289 194277 2.0 283877 2.0
665601 
671639 115416 1.0
675209 
678189 38149 3.0
730481 69944 1.0
733030 
734253 391523 2.0
744305 
748413 
748906 
770784 8093 1.0 51939 1.0
789629 
794766 14893 1.0 197530 1.0
796010 
826422 
843250 91 1.0 35111 1.0 40672 1.0 112085 1.0
875538 
880527 
880528 
880870 
914564 18959 1.0 193478 1.0
937809 
941650 
958935 
1238998 
1263986 
1434303 
1684818 
1947141 
