87 955 2.0 13758 1.0 48029 2.0 63717 1.0 79730 2.0
91 37756 1.0 40672 9.0 44479 2.0 47165 2.0 165598 1.0 368615 2.0 843250 4.0 937809 1.0
100 
103 
181 24281 1.0 28161 1.0 48162 1.0 99197 1.0 152350 1.0 191605 1.0
259 
260 
457 
656 
667 6714 2.0 27235 1.0
749 
759 163108 2.0
791 67963 1.0 81944 1.0 174410 1.0
807 
808 
848 12887 1.0 45604 1.0
879 37810 1.0 63643 1.0 155490 1.0 195048 1.0 270597 1.0
953 
955 87 2.0 4274 1.0 6962 1.0 9860 1.0 48029 2.0 48095 1.0 198518 1.0 266194 1.0 343567 1.0
977 250270 1.0 576643 1.0
989 4533 1.0 7231 3.0
1018 
1524 25346 3.0 426073 1.0
1584 21003 2.0
1588 
1593 
1598 
1776 4256 2.0 91654 2.0
1864 
1919 
2150 
2171 18835 2.0 35608 2.0 135191 1.0
2176 
2181 76798 1.0
2184 36267 1.0 102796 2.0
2200 
2204 27235 1.0 30983 1.0
2246 730481 2.0
2300 10598 1.0 33923 1.0 91850 3.0 244728 1.0
2455 
2460 
2482 15423 1.0 23088 1.0 63717 1.0 123051 1.0
2494 8129 1.0 57957 1.0 211088 1.0 390625 1.0 459063 1.0
2517 
2534 189113 2.0
2558 
2580 
2582 206256 3.0
2587 343567 1.0 569537 1.0
2800 35709 1.0 305557 1.0
2849 55883 4.0
2862 
2863 
2867 
2953 
2955 
3010 24196 1.0
3042 
3127 52321 1.0 249975 1.0 464535 2.0
3161 22984 1.0 37298 2.0
3190 129673 1.0
3213 29067 1.0 44576 1.0
3343 
3373 3375 5.0 27335 1.0 129978 2.0 149552 1.0 191596 1.0
3375 3373 5.0 3376 1.0 27335 1.0 129978 3.0 149552 1.0 191596 1.0
3376 3375 1.0
3394 10102 1.0 51939 1.0 252348 1.0 343567 1.0
3432 
3441 
3631 
3988 
3992 6186 1.0 6962 1.0 7692 1.0 29518 1.0 32189 1.0 41892 1.0 155301 1.0
3993 
4221 4504 1.0 9324 1.0 43517 1.0
4256 1776 2.0 91654 2.0 211088 1.0
4266 4516 6.0 36621 2.0 52356 2.0
4274 955 1.0 6139 1.0 7691 3.0 7692 4.0 10186 1.0 16147 3.0 22278 1.0 29518 2.0 123051 1.0 266194 1.0
4291 
4447 
4467 
4473 
4474 
4480 141519 1.0
4487 4489 1.0 257328 1.0
4489 4487 1.0 16223 1.0 257328 1.0
4499 
4500 30983 2.0 466540 2.0
4504 4221 1.0 38996 2.0 43517 1.0
4505 11714 1.0
4516 4266 6.0 36621 2.0 52356 2.0
4529 57723 1.0
4533 989 1.0 7231 2.0 8744 1.0 193068 1.0
4546 
4549 45604 1.0
4556 36641 1.0 51548 4.0 95752 1.0 102463 4.0
4561 
4678 
4697 
4718 163845 1.0
4737 22984 2.0 33442 1.0
4768 513679 1.0
4904 
4928 48029 1.0 141519 1.0
4929 5441 1.0 16147 3.0
4969 
4997 
4998 
5003 269661 1.0
5119 5467 1.0 130432 1.0 149348 1.0
5150 
5159 
5207 90808 1.0
5250 30923 5.0
5268 9613 1.0 183691 1.0 211088 1.0 354517 1.0
5285 
5312 10327 1.0 35939 1.0 88115 1.0 264470 1.0
5410 517210 3.0
5441 4929 1.0 122961 1.0
5452 
5467 5119 1.0 103622 2.0 149348 4.0
5517 69375 1.0
5709 
5815 183967 1.0 227852 1.0
5834 56487 1.0 155187 1.0
5910 
5945 9132 1.0 105166 2.0 428064 2.0
6068 
6098 
6106 
6139 4274 1.0 19219 2.0 39374 1.0 73393 2.0
6143 
6186 3992 1.0 79821 1.0 79837 1.0 102207 1.0 227282 1.0
6361 
6380 39525 1.0 392855 1.0
6460 
6462 38025 1.0
6477 23896 3.0
6558 22093 1.0 68180 2.0 80385 1.0 430104 3.0
6582 
6595 33719 1.0
6714 667 2.0 14327 1.0
6756 33508 1.0
6805 40518 1.0 40531 1.0 77559 1.0 468508 1.0
6962 955 1.0 3992 1.0 21191 2.0 41892 1.0
6981 
6984 
7039 184090 1.0
7195 49558 1.0 121627 2.0 189943 1.0 426881 1.0
7231 989 3.0 4533 2.0 8744 1.0
7280 36267 1.0
7281 9132 2.0
7309 214439 1.0 288850 1.0
7337 
7501 140992 2.0 671639 2.0
7550 
7559 601241 1.0
7596 
7608 
7620 
7647 132213 1.0
7691 4274 3.0 7692 3.0 22278 1.0
7692 3992 1.0 4274 4.0 7691 3.0 22278 2.0 29518 1.0 41892 4.0 81630 1.0 101195 1.0
7757 
7766 
7781 66866 1.0 300850 1.0
7786 
7792 100319 1.0 358319 1.0
7857 
7921 85032 3.0 591856 2.0
7926 24196 2.0
7974 436421 2.0
7981 48499 1.0 99514 1.0 370657 1.0
8057 25891 1.0 95913 1.0
8093 51939 1.0 770784 1.0
8129 2494 1.0 115905 1.0 459063 2.0
8206 50906 1.0 62775 3.0 126356 3.0
8214 
8236 16536 6.0 25164 12.0 41888 1.0 154996 1.0 375885 3.0 575676 2.0
8609 347490 1.0
8744 4533 1.0 7231 1.0 10102 1.0 193068 1.0
8766 12730 1.0 29286 1.0 107690 1.0 270597 1.0 294172 2.0
8926 8928 1.0
8927 
8928 8926 1.0
9064 
9092 10102 1.0 121605 2.0 376061 2.0
9100 
9116 
9122 
9132 5945 1.0 7281 2.0
9135 
9158 38996 1.0 98418 1.0
9261 9741 2.0
9280 48095 1.0
9324 4221 1.0
9375 37810 1.0 114213 1.0 162824 1.0
9405 
9419 
9436 23451 3.0
9437 23451 2.0 105450 1.0
9496 
9497 9579 1.0 9643 6.0 18066 2.0 41148 1.0 74377 2.0
9579 9497 1.0 41148 1.0
9613 5268 1.0 15072 1.0 211088 1.0
9633 59234 1.0
9639 588828 4.0
9643 9497 6.0 18066 2.0 74377 1.0
9645 
9662 
9701 39708 1.0
9709 
9711 
9715 
9741 9261 2.0
9757 
9769 33431 1.0 33895 1.0
9860 955 1.0 48095 1.0 59206 2.0 135794 1.0
9872 
9877 
9950 55418 1.0
9960 
9965 25265 2.0 554287 2.0
9994 186895 1.0
10014 
10100 
10102 3394 1.0 8744 1.0 9092 1.0 50733 1.0 50875 1.0 51939 1.0 157378 1.0
10186 4274 1.0 16147 1.0 16536 1.0 35939 1.0 104848 1.0
10196 
10223 
10233 32189 4.0 37044 1.0 144579 1.0
10235 
10259 15159 1.0
10285 60146 2.0
10303 
10327 5312 1.0 15949 1.0
10357 
10358 
10450 73996 2.0
10545 
10562 
10563 
10598 2300 1.0 10601 1.0 165710 1.0
10601 10598 1.0
10758 
11048 
11134 
11318 
11319 
11454 
11515 
11700 
11714 4505 1.0 37918 1.0 55016 2.0 81372 1.0 141300 2.0 419316 1.0 488489 2.0
11717 
12428 61827 1.0
12520 
12725 
12730 8766 1.0 21191 1.0 27235 8.0 29286 1.0 153192 2.0
12855 
12863 301113 1.0
12887 848 1.0 51430 1.0 100097 1.0
12958 126352 2.0 290323 1.0
12971 
13210 
13385 
13467 
13507 
13625 96577 1.0
13626 13662 1.0 65140 1.0
13650 59206 1.0 135794 1.0 203846 1.0
13662 13626 1.0 65140 1.0
13747 121605 1.0 144313 1.0 376061 1.0
13758 87 1.0 15586 5.0 121605 5.0 295133 1.0 376061 4.0
13880 55598 1.0 174456 1.0
13908 
13942 
14217 
14223 186833 1.0
14264 
14301 
14302 370657 1.0
14327 6714 1.0 15193 1.0 362769 1.0
14474 195048 1.0
14482 58999 1.0
14508 
14512 317305 1.0
14650 
14651 16224 1.0
14654 
14671 
14707 
14771 
14803 
14804 
14806 
14823 
14851 
14867 
14879 
14880 
14893 81300 1.0 197530 1.0 242118 3.0 431049 4.0 520285 4.0 794766 1.0
14894 
15043 
15070 
15072 9613 1.0 82672 1.0 163845 1.0 504963 5.0
15159 10259 1.0
15193 14327 1.0 362769 1.0
15223 49665 1.0 99924 1.0 181577 2.0 225276 1.0 265808 2.0
15423 2482 1.0 33719 2.0 36267 1.0 49665 3.0 146659 2.0
15559 269660 1.0
15586 13758 5.0
15587 126356 1.0
15875 
15948 
15949 10327 1.0 192225 1.0
15956 37841 1.0 50654 1.0
15970 
16030 74021 1.0
16104 16105 2.0
16105 16104 2.0 23774 2.0
16147 4274 3.0 4929 3.0 10186 1.0 29067 1.0 29518 1.0 86656 1.0
16149 357109 1.0
16151 
16222 
16223 4489 1.0 16224 1.0
16224 14651 1.0 16223 1.0
16235 36641 1.0 74377 1.0
16280 
16282 18619 1.0 19220 1.0 29518 1.0 183691 1.0 557511 1.0
16283 
16284 108760 2.0
16401 
16457 
16536 8236 6.0 10186 1.0 22278 2.0 25164 4.0 28571 3.0 29286 1.0 37896 1.0 41888 2.0 42019 1.0 47991 1.0 74801 1.0 81558 1.0 121606 1.0 168661 1.0 228589 1.0 375885 2.0 575676 2.0
16951 
17249 
17834 
17851 22198 1.0 79885 1.0
17910 
17945 362769 1.0
18066 9497 2.0 9643 2.0
18199 
18261 86296 2.0
18265 
18400 18401 1.0
18401 18400 1.0 86656 2.0
18418 172910 2.0
18455 26952 3.0 39142 2.0
18619 16282 1.0 19220 1.0 29518 1.0 576869 1.0
18634 41888 1.0 150077 1.0
18675 
18731 
18809 
18813 
18835 2171 2.0 18849 3.0
18836 20703 2.0
18849 18835 3.0
18880 
18895 73678 1.0
18923 
18959 46232 1.0 193478 2.0
18971 
19084 19085 1.0 19086 1.0
19085 19084 1.0
19086 19084 1.0 19220 1.0
19088 
19132 30187 2.0
19195 
19209 38996 2.0
19210 80735 1.0 107231 1.0 128296 1.0
19219 6139 2.0 68083 1.0 73393 1.0 450328 1.0
19220 16282 1.0 18619 1.0 19086 1.0 29518 4.0 41888 1.0 42089 1.0 250850 1.0
19223 109447 1.0
19457 413250 1.0
19534 
19761 
19921 
20450 95868 1.0 313431 1.0
20566 
20602 280140 3.0
20638 
20675 53995 2.0 118429 1.0
20676 
20703 18836 2.0 25291 1.0 50654 1.0
20789 74184 1.0 191491 1.0 446030 1.0 446031 2.0
20793 20795 2.0 69959 1.0 73996 1.0 227896 1.0
20795 20793 2.0 69959 1.0 69960 1.0 69961 1.0 73996 1.0 227896 1.0 491003 1.0
20797 104771 3.0
21003 1584 2.0
21030 
21136 
21159 21160 1.0
21160 21159 1.0
21191 6962 2.0 12730 1.0 40327 1.0 87787 1.0 192225 1.0 198368 2.0
21196 
21221 21222 1.0
21222 21221 1.0 40653 1.0 66504 1.0 234911 2.0 391523 2.0 558464 1.0 734253 1.0
21318 21319 1.0
21319 21318 1.0
21429 
21497 
21519 
21746 
21747 
21958 
21962 347014 1.0 378093 1.0
22078 28611 3.0 66509 1.0
22093 6558 1.0 68180 1.0 326929 1.0 430104 1.0
22198 17851 1.0
22236 35110 2.0
22278 4274 1.0 7691 1.0 7692 2.0 16536 2.0 29518 1.0 41892 1.0 101195 1.0 136176 1.0
22372 
22733 
22962 
22984 3161 1.0 4737 2.0 25329 2.0 29067 1.0 57723 1.0 73678 1.0 92876 1.0 198368 1.0 318007 1.0 356194 2.0
22990 
23088 2482 1.0 50285 1.0 97637 1.0 123663 1.0 199699 1.0
23203 
23335 
23345 
23451 9436 3.0 9437 2.0
23774 16105 2.0
23894 259751 1.0
23896 6477 3.0
24072 102463 1.0
24079 
24196 3010 1.0 7926 2.0
24281 181 1.0
24315 
24316 
24404 
24479 313431 1.0 495491 3.0
24550 
24602 
24665 445293 1.0
24693 
24938 
25164 8236 12.0 16536 4.0 27235 1.0 28571 3.0 41888 2.0 47991 1.0 81558 2.0 121606 2.0 128302 1.0 575676 1.0
25183 419526 2.0
25219 102023 2.0
25265 9965 2.0 554287 3.0
25291 20703 1.0 40327 1.0 47606 1.0 50383 1.0 50654 1.0
25294 27235 1.0 73678 1.0 242683 1.0
25329 22984 2.0 87610 1.0 295133 1.0 530409 2.0
25346 1524 3.0 426073 2.0
25367 
25471 
25507 
25572 
25711 
25834 
25890 
25891 8057 1.0 29099 2.0 32707 2.0 37896 1.0 41892 2.0 63717 1.0 95793 1.0 198142 1.0 242683 1.0 326505 2.0 559417 1.0
26092 147269 1.0 150077 1.0
26105 
26293 
26376 26377 2.0 82432 1.0 378988 1.0 538556 2.0
26377 26376 2.0
26475 
26731 
26821 27335 1.0 39979 1.0 80550 1.0 149552 1.0 359655 1.0
26830 27336 1.0
26838 
26877 
26952 18455 3.0 39142 2.0
27063 
27082 107930 1.0
27234 
27235 667 1.0 2204 1.0 12730 8.0 25164 1.0 25294 1.0 28571 1.0 30343 1.0 42157 2.0 49665 1.0 52781 1.0 73678 1.0 86946 1.0 128869 1.0 522569 2.0
27243 50733 1.0
27335 3373 1.0 3375 1.0 26821 1.0 149552 1.0 191596 1.0
27336 26830 1.0
27390 
27640 
28161 181 1.0 191605 1.0
28163 28164 7.0
28164 28163 7.0
28165 
28185 
28338 
28570 
28571 16536 3.0 25164 3.0 27235 1.0 41888 4.0 42019 1.0
28609 
28611 22078 3.0 66509 1.0
28644 28668 1.0
28668 28644 1.0
28677 30017 6.0 40597 3.0 42019 1.0 42520 3.0 48730 1.0 57504 1.0 74801 1.0 81919 5.0 245385 1.0 269771 2.0 389656 1.0
28694 
28826 55502 1.0 57504 2.0 376855 1.0
28840 
29067 3213 1.0 16147 1.0 22984 1.0 32707 1.0 44576 1.0 89031 1.0 102023 1.0 356194 2.0 578835 1.0
29099 25891 2.0 32707 2.0 198142 1.0 226311 1.0
29237 
29286 8766 1.0 12730 1.0 16536 1.0
29486 
29518 3992 1.0 4274 2.0 7692 1.0 16147 1.0 16282 1.0 18619 1.0 19220 4.0 22278 1.0 41892 1.0 42089 1.0 183691 1.0 250850 1.0
29876 
30016 165333 1.0
30017 28677 6.0
30138 138772 1.0 183691 1.0
30187 19132 2.0
30296 50346 2.0 124943 1.0
30342 
30343 27235 1.0
30381 
30405 
30632 107231 1.0 155301 1.0
30634 219103 1.0
30745 31488 4.0
30757 
30842 81558 3.0 356194 1.0
30843 
30883 
30923 5250 5.0
30983 2204 1.0 4500 2.0 48003 1.0 50383 1.0 52781 1.0 162703 1.0 241600 1.0 466540 2.0
31036 326999 1.0
31259 35939 2.0
31488 30745 4.0 32076 3.0 32353 3.0
31489 
31490 
31763 
31942 
32076 31488 3.0 32353 3.0
32177 39525 1.0 392855 1.0
32183 32184 1.0
32184 32183 1.0
32189 3992 1.0 10233 4.0 137428 2.0
32327 
32353 31488 3.0 32076 3.0
32356 
32470 
32546 91917 2.0
32574 
32707 25891 2.0 29067 1.0 29099 2.0 198142 1.0
32760 55016 1.0
32889 
32989 145822 2.0
33342 
33402 
33431 9769 1.0
33442 4737 1.0
33452 74628 1.0
33508 6756 1.0
33719 6595 1.0 15423 2.0 132821 1.0 146080 1.0
33828 
33895 9769 1.0 38868 1.0 39525 1.0
33923 2300 1.0 184670 1.0
34156 39374 1.0 391389 1.0
34163 207911 1.0 365406 1.0
34233 84916 1.0
34322 
34405 
34466 
34617 54642 1.0 198385 1.0
34678 
35110 22236 2.0
35111 937809 1.0
35127 
35158 
35283 37990 1.0
35389 
35413 
35429 148757 1.0
35444 
35478 
35608 2171 2.0 135191 1.0
35709 2800 1.0 305557 1.0
35785 
35939 5312 1.0 10186 1.0 31259 2.0 104848 1.0
36023 
36267 2184 1.0 7280 1.0 15423 1.0 146659 1.0
36621 4266 2.0 4516 2.0
36625 329507 1.0
36641 4556 1.0 16235 1.0 101195 1.0 246714 3.0
36689 
37044 10233 1.0 81532 1.0 252348 1.0 535594 1.0
37171 
37234 37257 4.0
37235 50346 1.0 114213 2.0 293255 2.0
37257 37234 4.0
37287 
37291 414632 1.0
37298 3161 2.0 143008 1.0
37380 37381 3.0 65566 1.0 65568 1.0 104350 1.0
37381 37380 3.0
37418 
37419 
37451 
37558 
37561 
37682 37918 1.0 92876 1.0
37688 60616 1.0 63717 1.0 82044 2.0 132821 1.0 146080 1.0
37692 
37694 
37756 91 1.0 73471 1.0
37760 351896 1.0
37810 879 1.0 9375 1.0 81645 2.0 114213 1.0 155490 1.0 188266 4.0 195048 2.0 245385 1.0 265788 1.0 270597 1.0
37836 37896 1.0 419316 4.0
37841 15956 1.0 141519 1.0
37896 16536 1.0 25891 1.0 37836 1.0 110436 1.0 242683 1.0 338299 1.0 376855 1.0
37918 11714 1.0 37682 1.0 48181 1.0 81372 1.0 123078 1.0
37958 55016 1.0
37990 35283 1.0
38025 6462 1.0 50654 2.0 123663 1.0 616543 2.0 826422 2.0
38053 
38149 105450 2.0 678189 2.0
38323 
38397 
38531 
38607 40518 2.0
38705 
38868 33895 1.0
38904 614342 1.0
38978 
38996 4504 2.0 9158 1.0 19209 2.0 94174 1.0 159358 1.0
39074 
39142 18455 2.0 26952 2.0
39339 
39374 6139 1.0 34156 1.0 50346 2.0 210810 1.0 225527 1.0
39525 6380 1.0 32177 1.0 33895 1.0 101195 1.0 392855 3.0
39527 
39643 201015 1.0 343884 1.0
39659 40191 1.0
39708 9701 1.0
39746 
39765 159484 1.0
39766 
39858 49938 1.0 82044 1.0
39979 26821 1.0
40086 81372 1.0
40168 
40173 152862 1.0 156910 1.0 216276 1.0 301113 1.0 387078 1.0 391389 2.0
40191 39659 1.0 266194 2.0
40262 235582 1.0 277535 2.0
40284 
40285 
40301 119272 1.0
40327 21191 1.0 25291 1.0 58674 1.0 354517 1.0
40387 
40497 
40518 6805 1.0 38607 2.0 468508 1.0
40531 6805 1.0 301082 1.0
40597 28677 3.0 42019 1.0 42520 2.0 57504 1.0 269771 2.0 389656 1.0
40606 
40653 21222 1.0 40654 3.0 158541 3.0 253223 2.0 386135 3.0
40654 40653 3.0
40672 91 9.0 44479 2.0 843250 4.0 937809 1.0
40803 
40941 
40967 56426 1.0 107748 2.0 301052 2.0 540949 1.0
41148 9497 1.0 9579 1.0
41511 81532 1.0 99448 2.0 223671 2.0
41537 
41806 
41888 8236 1.0 16536 2.0 18634 1.0 19220 1.0 25164 2.0 28571 4.0 42019 1.0 49665 1.0 147269 8.0 150077 4.0 154996 2.0 252958 1.0 375885 1.0 557511 1.0
41892 3992 1.0 6962 1.0 7692 4.0 22278 1.0 25891 2.0 29518 1.0 48003 1.0 81558 2.0 81630 1.0 95793 1.0 101195 1.0 326505 3.0
41950 
42019 16536 1.0 28571 1.0 28677 1.0 40597 1.0 41888 1.0 42520 1.0 269771 1.0 389656 2.0
42032 
42038 
42089 19220 1.0 29518 1.0
42108 
42145 
42157 27235 2.0 52781 1.0
42282 
42383 
42520 28677 3.0 40597 2.0 42019 1.0 269771 5.0 389656 6.0 522830 7.0 522832 5.0
42728 
42875 
43466 
43517 4221 1.0 4504 1.0
43670 82349 2.0 99694 2.0
43712 
43831 
44170 53923 1.0
44272 
44301 
44326 57562 1.0
44359 105577 1.0
44391 
44399 
44469 
44479 91 2.0 40672 2.0 843250 2.0 937809 3.0
44563 135794 1.0
44573 
44574 
44576 3213 1.0 29067 1.0
44664 
44712 
44783 
44961 
45182 
45437 144716 2.0
45468 
45512 
45514 58999 2.0
45604 848 1.0 4549 1.0 95868 1.0
45712 
45830 
46000 
46100 
46164 105987 4.0
46232 18959 1.0
46342 
47025 
47165 91 2.0
47543 
47606 25291 1.0
47696 
47990 650640 1.0
47991 16536 1.0 25164 1.0
48003 30983 1.0 41892 1.0 52781 1.0 272171 1.0 293255 1.0
48029 87 2.0 955 2.0 4928 1.0 79730 1.0 141519 1.0 319455 1.0
48031 
48095 955 1.0 9280 1.0 9860 1.0
48115 
48117 
48162 181 1.0 99197 1.0 152350 1.0
48174 
48181 37918 1.0 56718 2.0 81372 1.0 97637 2.0 123078 1.0
48184 
48193 
48299 
48389 
48455 261883 1.0
48499 7981 1.0
48525 56392 1.0
48730 28677 1.0 121627 1.0 426881 2.0
48740 
48834 
48835 
49209 
49210 
49319 
49322 
49482 272212 1.0
49489 
49558 7195 1.0 121627 1.0
49665 15223 1.0 15423 3.0 27235 1.0 41888 1.0 72020 1.0 147269 1.0 181577 1.0 265808 1.0 293255 1.0
49718 297176 2.0
49938 39858 1.0 507201 1.0
50052 
50277 109447 1.0
50285 23088 1.0 73678 2.0 97637 1.0 490813 3.0
50346 30296 2.0 37235 1.0 39374 2.0
50383 25291 1.0 30983 1.0
50531 
50654 15956 1.0 20703 1.0 25291 1.0 38025 2.0 616543 2.0 826422 2.0
50703 50704 5.0 50705 4.0
50704 50703 5.0 50705 5.0
50705 50703 4.0 50704 5.0 117598 4.0
50733 10102 1.0 27243 1.0 157378 1.0
50809 55016 1.0
50834 143008 1.0 210809 1.0
50875 10102 1.0
50906 8206 1.0 62775 1.0 126356 1.0
51413 
51430 12887 1.0
51451 
51548 4556 4.0 95752 1.0 102463 4.0
51559 54412 1.0
51561 382235 1.0
51647 52725 2.0 53984 1.0 54365 1.0 590963 1.0 958935 1.0
51729 
51939 3394 1.0 8093 1.0 10102 1.0
51946 
52161 112209 1.0 297176 1.0
52321 3127 1.0 249975 2.0 464535 2.0
52356 4266 2.0 4516 2.0 53923 1.0
52654 
52655 
52700 
52711 
52722 
52725 51647 2.0 53984 1.0 54365 1.0 76211 1.0 225276 1.0 590963 4.0 958935 2.0
52781 27235 1.0 30983 1.0 42157 1.0 48003 1.0 293255 1.0
53329 
53330 
53655 
53665 
53824 
53867 
53885 65362 2.0
53923 44170 1.0 52356 1.0
53984 51647 1.0 52725 1.0 76258 1.0 172390 1.0 590963 1.0 958935 1.0
53995 20675 2.0
54176 
54202 
54323 
54365 51647 1.0 52725 1.0 958935 1.0
54412 51559 1.0 56836 1.0 96098 3.0 478469 6.0
54489 
54548 54549 1.0
54549 54548 1.0
54642 34617 1.0 54645 1.0 122649 1.0
54644 
54645 54642 1.0 122649 1.0
54786 
54811 
55016 11714 2.0 32760 1.0 37958 1.0 50809 1.0 85032 2.0 116683 1.0 169540 1.0 211088 1.0
55333 
55418 9950 1.0
55447 
55494 
55502 28826 1.0 376855 1.0
55598 13880 1.0 174456 1.0
55673 
55776 
55793 
55794 
55883 2849 4.0
56392 48525 1.0
56426 40967 1.0 218178 1.0
56487 5834 1.0 155187 2.0
56513 103744 1.0
56718 48181 2.0
56836 54412 1.0 96098 1.0
57000 58674 2.0 81558 11.0
57504 28677 1.0 28826 2.0 40597 1.0 109325 1.0 186833 2.0 389656 1.0 564213 1.0
57562 44326 1.0
57723 4529 1.0 22984 1.0 115698 1.0
57957 2494 1.0
58310 
58512 290102 1.0
58674 40327 1.0 57000 2.0 76211 1.0 80550 1.0 81558 2.0 160926 1.0
58733 
58999 14482 1.0 45514 2.0
59030 
59046 
59091 
59206 9860 2.0 13650 1.0 135794 1.0 203846 1.0
59234 9633 1.0
59506 
59977 357109 2.0
60089 
60139 152862 1.0
60146 10285 2.0
60207 
60273 
60274 
60616 37688 1.0 82044 1.0
60704 
60706 
60945 
60980 
61150 112085 1.0
61343 
61498 112120 2.0
61696 125197 1.0
61824 126811 2.0 548368 1.0
61825 61827 4.0 147454 1.0 163379 1.0
61827 12428 1.0 61825 4.0 147454 1.0 163379 1.0
62563 
62593 
62618 289946 2.0
62665 
62775 8206 3.0 50906 1.0 126356 3.0
62928 
63265 
63412 
63643 879 1.0
63690 523624 1.0
63697 66534 3.0
63701 
63717 87 1.0 2482 1.0 25891 1.0 37688 1.0 82044 1.0
64433 
64641 
64674 
64862 
64894 
65015 
65060 
65061 
65140 13626 1.0 13662 1.0 66729 2.0 169384 1.0
65242 
65362 53885 2.0
65543 
65566 37380 1.0 65568 1.0 104350 1.0
65567 
65568 37380 1.0 65566 1.0 104350 1.0
65767 
66342 
66405 
66407 
66504 21222 1.0
66509 22078 1.0 28611 1.0
66534 63697 3.0
66535 
66635 277315 1.0
66729 65140 2.0
66866 7781 1.0
66950 
67054 
67680 
67798 121140 4.0 221822 2.0 366065 1.0
67963 791 1.0 513679 1.0
68042 121300 1.0 179078 1.0
68083 19219 1.0 131851 1.0
68169 
68180 6558 2.0 22093 1.0 80385 2.0 430104 2.0
68265 
68570 
68840 
68901 
69209 
69248 
69249 420272 1.0
69339 69341 1.0 69342 6.0 93866 2.0 157397 2.0
69341 69339 1.0 69342 1.0
69342 69339 6.0 69341 1.0 73176 1.0 93866 2.0 112209 1.0 157397 2.0
69343 192402 2.0
69375 5517 1.0
69538 
69642 
69781 123011 2.0 128391 2.0 129673 1.0
69944 80050 1.0 640906 3.0
69959 20793 1.0 20795 1.0 69960 4.0 69961 2.0 227896 2.0 346050 6.0
69960 20795 1.0 69959 4.0 69961 3.0 346050 3.0
69961 20795 1.0 69959 2.0 69960 3.0 346050 2.0
70093 
70549 
70853 
70901 
70946 
71260 
71371 
71633 
71656 113509 1.0
72020 49665 1.0
72271 
72278 230942 1.0
72620 
72685 
73005 
73031 
73032 144562 1.0 535580 1.0
73176 69342 1.0 112209 2.0
73330 
73375 
73393 6139 2.0 19219 1.0
73395 
73427 
73471 37756 1.0
73635 
73678 18895 1.0 22984 1.0 25294 1.0 27235 1.0 50285 2.0 85032 1.0 144313 1.0 163108 1.0 490813 2.0
73688 88339 1.0 569727 1.0
73734 
73996 10450 2.0 20793 1.0 20795 1.0 104771 1.0
74021 16030 1.0
74184 20789 1.0
74207 
74220 
74377 9497 2.0 9643 1.0 16235 1.0 128869 1.0
74599 
74628 33452 1.0 112244 1.0
74686 79725 1.0
74801 16536 1.0 28677 1.0 244728 1.0 350603 1.0
74839 212101 2.0
75277 
75369 
75387 
75393 
75937 
76000 
76012 
76211 52725 1.0 58674 1.0 80550 1.0 225276 1.0 590963 1.0 958935 1.0
76258 53984 1.0
76627 82118 1.0
76711 278606 1.0
76756 
76797 148840 1.0 392855 1.0 537987 1.0
76798 2181 1.0
77128 
77559 6805 1.0
77961 
78144 
78436 
78675 
78726 100097 1.0
78806 
79022 189763 1.0
79345 
79643 
79707 
79709 
79725 74686 1.0
79730 87 2.0 48029 1.0
79821 6186 1.0 79837 6.0 107856 1.0 109499 5.0 278713 5.0 294219 1.0
79837 6186 1.0 79821 6.0 109499 1.0
79885 17851 1.0 219675 3.0
79914 189748 1.0
80050 69944 1.0
80227 
80385 6558 1.0 68180 2.0 430104 1.0
80402 293255 1.0 426375 1.0
80550 26821 1.0 58674 1.0 76211 1.0
80571 
80572 
80698 182283 3.0
80735 19210 1.0 128296 1.0
80749 351271 2.0 423610 3.0
81035 
81300 14893 1.0
81372 11714 1.0 37918 1.0 40086 1.0 48181 1.0
81532 37044 1.0 41511 1.0
81558 16536 1.0 25164 2.0 30842 3.0 41892 2.0 57000 11.0 58674 2.0 121606 1.0 150077 1.0
81561 
81597 
81629 92637 2.0 99924 4.0 104848 1.0
81630 7692 1.0 41892 1.0
81645 37810 2.0 115698 1.0 188266 2.0
81700 
81701 
81919 28677 5.0 269772 1.0 522830 1.0
81944 791 1.0 174410 2.0
81989 
82044 37688 2.0 39858 1.0 60616 1.0 63717 1.0
82045 
82063 
82064 
82118 76627 1.0
82349 43670 2.0
82403 
82432 26376 1.0 378988 6.0
82466 114213 1.0 135226 1.0 162824 1.0
82530 
82672 15072 1.0 135226 1.0
82885 
83124 109009 1.0
83229 
83493 
83779 
83828 205474 1.0
84892 
84916 34233 1.0
84966 84967 3.0
84967 84966 3.0
85032 7921 3.0 55016 2.0 73678 1.0
85033 
85341 
85468 
85573 
85663 109009 1.0
86070 
86107 
86232 
86296 18261 2.0
86519 
86655 
86656 16147 1.0 18401 2.0
86946 27235 1.0 102023 1.0 522569 1.0
87046 
87244 
87312 
87610 25329 1.0 530409 2.0
87679 87681 2.0 87682 2.0
87681 87679 2.0 87682 5.0 274001 4.0
87682 87679 2.0 87681 5.0
87787 21191 1.0 220371 1.0 559417 1.0
88115 5312 1.0
88339 73688 1.0
88713 152136 1.0 383982 1.0
88817 
88872 
88939 
89031 29067 1.0
89604 
89632 
89942 
90032 
90457 
90808 5207 1.0
90809 
91021 
91032 
91240 
91478 
91654 1776 2.0 4256 2.0 370657 1.0
91728 
91850 2300 3.0
91917 32546 2.0
92331 
92341 
92388 
92409 
92593 
92594 
92637 81629 2.0
92657 
92866 
92876 22984 1.0 37682 1.0
93092 
93159 555531 2.0
93303 
93604 
93713 
93783 
93854 141519 1.0 325273 1.0
93866 69339 2.0 69342 2.0 157397 3.0
94100 
94174 38996 1.0
94318 
94324 
94741 
95265 208408 1.0 223671 1.0
95752 4556 1.0 51548 1.0
95774 
95775 
95793 25891 1.0 41892 1.0 326505 1.0
95868 20450 1.0 45604 1.0
95913 8057 1.0
95966 
96098 54412 3.0 56836 1.0
96493 
96577 13625 1.0
96734 
97007 
97009 
97133 
97521 
97536 
97637 23088 1.0 48181 2.0 50285 1.0
98376 
98418 9158 1.0
98597 
98866 
98938 
99032 
99140 
99197 181 1.0 48162 1.0 152350 1.0
99448 41511 2.0
99514 7981 1.0 370657 1.0
99694 43670 2.0
99924 15223 1.0 81629 4.0 149827 1.0
99976 
100037 
100097 12887 1.0 78726 1.0
100319 7792 1.0 358319 1.0
100341 
100442 
100676 138772 3.0 183691 1.0
101195 7692 1.0 22278 1.0 36641 1.0 39525 1.0 41892 1.0
101642 
102023 25219 2.0 29067 1.0 86946 1.0
102207 6186 1.0 227282 1.0
102463 4556 4.0 24072 1.0 51548 4.0
102526 
102578 
102796 2184 2.0
102832 
102910 
103029 
103064 
103079 
103111 
103545 
103622 5467 2.0 149348 2.0
103706 
103744 56513 1.0
103758 
104216 233577 1.0 347490 1.0
104350 37380 1.0 65566 1.0 65568 1.0 386443 1.0
104738 
104771 20797 3.0 73996 1.0
104848 10186 1.0 35939 1.0 81629 1.0 242683 1.0 377548 1.0
105056 
105107 105166 2.0
105166 5945 2.0 105107 2.0 428064 3.0
105168 
105354 
105396 
105450 9437 1.0 38149 2.0 216276 1.0
105577 44359 1.0
105987 46164 4.0
106073 
106188 403903 1.0
106226 162703 1.0 262886 4.0
106679 
107231 19210 1.0 30632 1.0
107238 
107304 326929 1.0
107557 
107690 8766 1.0 157968 1.0
107748 40967 2.0
107856 79821 1.0
107915 250850 1.0
107922 
107930 27082 1.0 173390 1.0
108304 
108565 
108758 
108760 16284 2.0
108792 
109009 83124 1.0 85663 1.0
109325 57504 1.0
109447 19223 1.0 50277 1.0
109499 79821 5.0 79837 1.0 278713 2.0
109570 
109618 181577 1.0
109730 166767 1.0
109785 
110436 37896 1.0 223954 1.0
110705 
110979 
111273 
111894 
112085 61150 1.0
112120 61498 2.0
112156 
112209 52161 1.0 69342 1.0 73176 2.0 297176 2.0
112210 
112244 74628 1.0
112472 
113353 
113509 71656 1.0
113723 
114022 144959 1.0
114213 9375 1.0 37235 2.0 37810 1.0 82466 1.0 148840 1.0 267695 1.0 537987 1.0
114684 301082 1.0
114924 166767 2.0
115416 
115698 57723 1.0 81645 1.0
115905 8129 1.0 459063 1.0
116305 
116683 55016 1.0
117598 50705 4.0
117923 622034 1.0
118336 
118347 
118429 20675 1.0
119272 40301 1.0
119406 
119887 173556 1.0
120240 
120567 134201 2.0
120603 
120980 
121140 67798 4.0 221822 3.0 366065 1.0
121300 68042 1.0
121364 
121497 
121566 
121584 
121605 9092 2.0 13747 1.0 13758 5.0 376061 10.0
121606 16536 1.0 25164 2.0 81558 1.0 128302 1.0
121627 7195 2.0 48730 1.0 49558 1.0
121760 
122107 
122649 54642 1.0 54645 1.0
122799 543758 2.0
122961 5441 1.0
123011 69781 2.0 128391 3.0 129673 1.0
123051 2482 1.0 4274 1.0 266194 1.0
123078 37918 1.0 48181 1.0
123663 23088 1.0 38025 1.0
123810 
124215 
124943 30296 1.0
125197 61696 1.0
126352 12958 2.0
126356 8206 3.0 15587 1.0 50906 1.0 62775 3.0
126811 61824 2.0 548368 5.0
128296 19210 1.0 80735 1.0
128302 25164 1.0 121606 1.0 257328 1.0
128334 
128391 69781 2.0 123011 3.0 129673 1.0
128753 
128869 27235 1.0 74377 1.0
128885 
129309 
129403 
129673 3190 1.0 69781 1.0 123011 1.0 128391 1.0
129690 
129832 
129931 
129978 3373 2.0 3375 3.0
130432 5119 1.0
130573 
130808 
131373 
131591 
131851 68083 1.0 253958 1.0
132213 7647 1.0 211088 1.0
132415 
132568 
132819 
132821 33719 1.0 37688 1.0 146080 4.0
132887 
132927 367799 1.0
133294 
133331 
134201 120567 2.0
134235 
134985 
135162 
135191 2171 1.0 35608 1.0
135226 82466 1.0 82672 1.0
135751 
135794 9860 1.0 13650 1.0 44563 1.0 59206 1.0 203846 1.0
136176 22278 1.0
136207 
137348 
137428 32189 2.0
138772 30138 1.0 100676 3.0
138778 
140112 304807 1.0
140992 7501 2.0 193925 2.0
141300 11714 2.0 419316 2.0 488489 3.0
141519 4480 1.0 4928 1.0 37841 1.0 48029 1.0 93854 1.0 325273 4.0
141534 
141715 
141830 
142372 
143008 37298 1.0 50834 1.0
143275 
143300 
143310 
143425 143427 3.0
143427 143425 3.0
143579 
143674 
143763 
143891 555531 1.0
144313 13747 1.0 73678 1.0
144473 
144562 73032 1.0
144579 10233 1.0
144716 45437 2.0
144958 
144959 114022 1.0
145106 
145574 
145822 32989 2.0
145900 
146080 33719 1.0 37688 1.0 132821 4.0
146659 15423 2.0 36267 1.0
146816 
146945 
146946 
147096 
147268 
147269 26092 1.0 41888 8.0 49665 1.0 150077 5.0 557511 2.0
147346 147347 1.0
147347 147346 1.0
147454 61825 1.0 61827 1.0
147565 168955 1.0
148434 
148757 35429 1.0 198368 1.0
148840 76797 1.0 114213 1.0 392855 1.0 537987 3.0
148848 
148852 564213 1.0
149348 5119 1.0 5467 4.0 103622 2.0
149448 
149473 
149552 3373 1.0 3375 1.0 26821 1.0 27335 1.0 191596 1.0 359655 1.0
149820 
149827 99924 1.0
150077 18634 1.0 26092 1.0 41888 4.0 81558 1.0 147269 5.0 557511 2.0
150377 
150711 
151326 
151865 297867 2.0
152136 88713 1.0 383982 4.0
152350 181 1.0 48162 1.0 99197 1.0
152862 40173 1.0 60139 1.0
153192 12730 2.0 219116 1.0
153868 
154996 8236 1.0 41888 2.0 375885 1.0
155187 5834 1.0 56487 2.0
155301 3992 1.0 30632 1.0 161333 1.0 249975 1.0
155490 879 1.0 37810 1.0 195048 1.0 270597 1.0
155792 
156049 
156051 187585 1.0
156335 
156720 203402 2.0
156859 194730 1.0 748906 2.0
156910 40173 1.0 387078 1.0
157193 
157378 10102 1.0 50733 1.0
157397 69339 2.0 69342 2.0 93866 3.0 242118 1.0
157417 
157787 496813 1.0
157907 327088 2.0
157968 107690 1.0
158016 
158361 421339 2.0
158362 
158541 40653 3.0 386135 3.0
158572 
158738 
159358 38996 1.0
159383 
159450 
159484 39765 1.0
159775 
160006 
160164 
160556 
160560 
160926 58674 1.0 460550 1.0
160955 
161333 155301 1.0 350603 1.0
161367 
161808 
162078 
162204 466652 3.0
162703 30983 1.0 106226 1.0
162824 9375 1.0 82466 1.0
163108 759 2.0 73678 1.0 313393 3.0 358398 1.0
163355 
163379 61825 1.0 61827 1.0
163405 198534 4.0 232500 2.0
163845 4718 1.0 15072 1.0 504963 1.0
163867 203074 1.0
164389 
165010 358319 1.0
165333 30016 1.0
165598 91 1.0 368615 1.0
165710 10598 1.0
165714 
165716 
166063 
166733 
166767 109730 1.0 114924 2.0 358752 1.0
167004 293974 1.0
167259 
167514 
167924 
168036 
168037 
168661 16536 1.0
168709 
168955 147565 1.0
169384 65140 1.0
169540 55016 1.0
170380 
170402 578835 1.0
170993 
172390 53984 1.0 189848 1.0
172578 
172910 18418 2.0
173389 
173390 107930 1.0
173556 119887 1.0
173603 
174230 
174410 791 1.0 81944 2.0
174456 13880 1.0 55598 1.0
174505 
174694 
175675 
175754 
175839 
175998 
176859 
176933 
177300 614342 4.0
177369 351515 1.0
177680 
178233 
179016 
179078 68042 1.0
179741 
180680 
181166 
181577 15223 2.0 49665 1.0 109618 1.0 265808 2.0
181646 
182283 80698 3.0 591856 2.0
182284 
182857 
183372 
183691 5268 1.0 16282 1.0 29518 1.0 30138 1.0 100676 1.0 557511 1.0
183967 5815 1.0
184057 
184090 7039 1.0
184095 
184414 
184422 
184668 
184670 33923 1.0
185744 
186695 
186711 
186833 14223 1.0 57504 2.0
186895 9994 1.0
187141 
187585 156051 1.0
188266 37810 4.0 81645 2.0 195048 1.0 245385 1.0 265788 1.0
188414 
188770 203539 1.0
188900 
189113 2534 2.0
189672 
189748 79914 1.0
189763 79022 1.0
189848 172390 1.0
189902 
189943 7195 1.0
191491 20789 1.0
191596 3373 1.0 3375 1.0 27335 1.0 149552 1.0
191605 181 1.0 28161 1.0
192225 15949 1.0 21191 1.0
192348 
192402 69343 2.0
193068 4533 1.0 8744 1.0
193478 18959 2.0
193925 140992 2.0
194137 
194277 
194485 
194730 156859 1.0 748906 1.0
195048 879 1.0 14474 1.0 37810 2.0 155490 1.0 188266 1.0 270597 1.0
195600 
196174 
197014 
197442 
197530 14893 1.0 431049 1.0 520285 1.0 601241 1.0 794766 3.0
197567 
198115 
198117 
198142 25891 1.0 29099 1.0 32707 1.0
198368 21191 2.0 22984 1.0 148757 1.0
198385 34617 1.0
198518 955 1.0 343567 5.0
198534 163405 4.0 232500 3.0 535581 2.0
198676 
198889 198890 2.0 513855 1.0
198890 198889 2.0 513855 1.0
198891 
199699 23088 1.0 557511 1.0
199706 256450 4.0
199912 268928 2.0
199933 
200056 
200444 
201015 39643 1.0 343884 1.0
201235 
203074 163867 1.0
203402 156720 2.0
203539 188770 1.0
203650 
203846 13650 1.0 59206 1.0 135794 1.0
204132 359655 2.0
204513 
205126 
205474 83828 1.0
205481 
205662 
205709 
206235 
206256 2582 3.0
206756 
207034 
207911 34163 1.0 251871 3.0 365406 3.0
208408 95265 1.0
210809 50834 1.0
210810 39374 1.0 225527 2.0
211088 2494 1.0 4256 1.0 5268 1.0 9613 1.0 55016 1.0 132213 1.0
211251 588975 2.0
211718 
212101 74839 2.0
212842 
212843 
214439 7309 1.0 288850 1.0
214993 
215040 
215702 
216276 40173 1.0 105450 1.0 338299 1.0 343567 1.0
216513 
217206 
217648 
218178 56426 1.0 301052 1.0
219103 30634 1.0
219116 153192 1.0
219675 79885 3.0
219898 
220371 87787 1.0
221822 67798 2.0 121140 3.0 366065 1.0
221928 514517 2.0
221943 
222170 222171 3.0 224908 3.0
222171 222170 3.0 224908 3.0
222565 
223298 
223671 41511 2.0 95265 1.0
223748 
223920 
223954 110436 1.0
224325 
224908 222170 3.0 222171 3.0
224918 
225257 
225276 15223 1.0 52725 1.0 76211 1.0 590963 1.0 958935 1.0
225285 
225527 39374 1.0 210810 2.0
226311 29099 1.0
227282 6186 1.0 102207 1.0
227518 
227608 
227741 
227852 5815 1.0
227896 20793 1.0 20795 1.0 69959 2.0 346050 1.0
228320 
228352 
228589 16536 1.0
230942 72278 1.0
231966 
232199 
232500 163405 2.0 198534 3.0
233577 104216 1.0 347490 1.0
234599 294172 1.0
234911 21222 2.0 391523 2.0 558464 2.0
235113 
235562 
235582 40262 1.0
236785 
238082 
239761 
240140 
241600 30983 1.0 426996 1.0
242118 14893 3.0 157397 1.0 431049 3.0 520285 3.0 562316 1.0
242273 
242683 25294 1.0 25891 1.0 37896 1.0 104848 1.0
244617 
244728 2300 1.0 74801 1.0 269727 2.0 451675 1.0
244830 
245301 
245385 28677 1.0 37810 1.0 188266 1.0 265788 1.0 295133 1.0
245789 
246714 36641 3.0
249670 531227 2.0
249975 3127 1.0 52321 2.0 155301 1.0 464535 2.0
250270 977 1.0 576643 1.0
250607 
250850 19220 1.0 29518 1.0 107915 1.0
251736 
251761 
251871 207911 3.0 365406 1.0
252348 3394 1.0 37044 1.0
252958 41888 1.0
253161 
253223 40653 2.0
253958 131851 1.0
255824 
256190 
256450 199706 4.0
257328 4487 1.0 4489 1.0 128302 1.0 358752 1.0
259751 23894 1.0
261409 
261883 48455 1.0
262289 
262776 
262826 
262886 106226 4.0
264470 5312 1.0
264795 
265022 
265788 37810 1.0 188266 1.0 245385 1.0
265808 15223 2.0 49665 1.0 181577 2.0
266194 955 1.0 4274 1.0 40191 2.0 123051 1.0
266853 
267695 114213 1.0
268928 199912 2.0
269660 15559 1.0
269661 5003 1.0
269727 244728 2.0 451675 1.0
269771 28677 2.0 40597 2.0 42019 1.0 42520 5.0 522830 1.0
269772 81919 1.0 522830 1.0
270523 
270594 
270597 879 1.0 8766 1.0 37810 1.0 155490 1.0 195048 1.0
270614 
270943 
271378 
272171 48003 1.0
272212 49482 1.0
272221 360256 1.0
272238 
272270 
272356 
272693 
273008 
273432 
274001 87681 4.0
275259 
275325 
277275 
277315 66635 1.0
277535 40262 2.0
278606 76711 1.0
278713 79821 5.0 109499 2.0
280140 20602 3.0
283877 
284394 
288850 7309 1.0 214439 1.0
289448 
289946 62618 2.0
290102 58512 1.0
290323 12958 1.0
290843 
291060 
291232 
293255 37235 2.0 48003 1.0 49665 1.0 52781 1.0 80402 1.0
293582 
293974 167004 1.0
294172 8766 2.0 234599 1.0
294219 79821 1.0
294286 
294814 
295133 13758 1.0 25329 1.0 245385 1.0
295223 
296416 
296619 
297176 49718 2.0 52161 1.0 112209 2.0
297867 151865 2.0
300850 7781 1.0
301052 40967 2.0 218178 1.0 540949 1.0
301082 40531 1.0 114684 1.0
301113 12863 1.0 40173 1.0
301816 
302469 313431 3.0
303166 542893 1.0 593661 1.0
303712 
304329 
304807 140112 1.0
305557 2800 1.0 35709 1.0
306762 
306832 
309444 
312603 
313057 
313393 163108 3.0
313431 20450 1.0 24479 1.0 302469 3.0
315891 
316572 
317305 14512 1.0
318007 22984 1.0
319455 48029 1.0
321302 
322126 
324571 
325273 93854 1.0 141519 4.0
325280 
326505 25891 2.0 41892 3.0 95793 1.0
326929 22093 1.0 107304 1.0
326999 31036 1.0
327030 
327088 157907 2.0
328734 
329507 36625 1.0
330845 
331254 
335103 
336857 
338066 
338299 37896 1.0 216276 1.0
343567 955 1.0 2587 1.0 3394 1.0 198518 5.0 216276 1.0
343884 39643 1.0 201015 1.0
343919 
344578 
344595 
344842 
346050 69959 6.0 69960 3.0 69961 2.0 227896 1.0
347014 21962 1.0
347234 
347490 8609 1.0 104216 1.0 233577 1.0
348174 
349167 
350603 74801 1.0 161333 1.0
351271 80749 2.0 423610 2.0
351515 177369 1.0
351883 
351896 37760 1.0
354517 5268 1.0 40327 1.0
354633 
356194 22984 2.0 29067 2.0 30842 1.0 377548 1.0
356291 
356325 
357109 16149 1.0 59977 2.0
357149 436421 2.0
357722 
358319 7792 1.0 100319 1.0 165010 1.0
358398 163108 1.0
358752 166767 1.0 257328 1.0
359655 26821 1.0 149552 1.0 204132 2.0
360256 272221 1.0
362311 
362408 
362769 14327 1.0 15193 1.0 17945 1.0
363343 531227 1.0
363910 
365406 34163 1.0 207911 3.0 251871 1.0
365700 
365788 
366065 67798 1.0 121140 1.0 221822 1.0 435131 1.0
367123 
367799 132927 1.0
368615 91 2.0 165598 1.0
370657 7981 1.0 14302 1.0 91654 1.0 99514 1.0
371141 
371218 
372871 
374781 
375162 
375885 8236 3.0 16536 2.0 41888 1.0 154996 1.0 575676 1.0
376061 9092 2.0 13747 1.0 13758 4.0 121605 10.0
376463 
376824 
376855 28826 1.0 37896 1.0 55502 1.0
377548 104848 1.0 356194 1.0
378093 21962 1.0
378988 26376 1.0 82432 6.0
382209 
382235 51561 1.0
382546 
383463 
383982 88713 1.0 152136 4.0
386135 40653 3.0 158541 3.0
386152 
386443 104350 1.0
386528 
387078 40173 1.0 156910 1.0
387948 
389656 28677 1.0 40597 1.0 42019 2.0 42520 6.0 57504 1.0 522830 5.0 522832 5.0
389674 
390294 
390353 
390625 2494 1.0
391134 
391389 34156 1.0 40173 2.0
391523 21222 2.0 234911 2.0 558464 2.0
391622 
392855 6380 1.0 32177 1.0 39525 3.0 76797 1.0 148840 1.0 537987 1.0
394675 
400266 
401061 
401561 
402282 
402430 
403903 106188 1.0 578835 1.0
408084 
413250 19457 1.0
414632 37291 1.0
416517 
417896 
419316 11714 1.0 37836 4.0 141300 2.0 488489 2.0
419526 25183 2.0
420272 69249 1.0
421339 158361 2.0
423336 
423610 80749 3.0 351271 2.0
426073 1524 1.0 25346 2.0
426375 80402 1.0
426881 7195 1.0 48730 2.0
426996 241600 1.0
428064 5945 2.0 105166 3.0
429894 
430104 6558 3.0 22093 1.0 68180 2.0 80385 1.0
431049 14893 4.0 197530 1.0 242118 3.0 520285 5.0
433623 
435131 366065 1.0
436421 7974 2.0 357149 2.0
439174 
440170 
445047 
445293 24665 1.0
445880 
446030 20789 1.0 446031 1.0
446031 20789 2.0 446030 1.0
449548 
450328 19219 1.0
451675 244728 1.0 269727 1.0
456291 
457361 
457981 
458437 
458622 
459063 2494 1.0 8129 2.0 115905 1.0
460550 160926 1.0
464535 3127 2.0 52321 2.0 249975 2.0
466526 
466540 4500 2.0 30983 2.0
466652 162204 3.0
468508 6805 1.0 40518 1.0
470913 
478469 54412 6.0
487012 
488489 11714 2.0 141300 3.0 419316 2.0
490741 
490813 50285 3.0 73678 2.0
491003 20795 1.0
491504 
493850 
495491 24479 3.0
496813 157787 1.0
504963 15072 5.0 163845 1.0
507201 49938 1.0
507832 
508057 
511540 
513679 4768 1.0 67963 1.0
513773 
513855 198889 1.0 198890 1.0
514517 221928 2.0
515313 
517210 5410 3.0
517972 
520285 14893 4.0 197530 1.0 242118 3.0 431049 5.0
522569 27235 2.0 86946 1.0
522830 42520 7.0 81919 1.0 269771 1.0 269772 1.0 389656 5.0 522832 4.0
522832 42520 5.0 389656 5.0 522830 4.0
523624 63690 1.0
524474 
530409 25329 2.0 87610 2.0
531227 249670 2.0 363343 1.0
535549 
535580 73032 1.0 535581 1.0
535581 198534 2.0 535580 1.0
535594 37044 1.0
537987 76797 1.0 114213 1.0 148840 3.0 392855 1.0
538556 26376 2.0
540484 
540949 40967 1.0 301052 1.0
541943 
542893 303166 1.0 593661 1.0
543758 122799 2.0
548368 61824 1.0 126811 5.0
552554 
554287 9965 2.0 25265 3.0
555531 93159 2.0 143891 1.0
557511 16282 1.0 41888 1.0 147269 2.0 150077 2.0 183691 1.0 199699 1.0
558464 21222 1.0 234911 2.0 391523 2.0
558503 
559417 25891 1.0 87787 1.0
562316 242118 1.0
564213 57504 1.0 148852 1.0
564486 
569537 2587 1.0
569727 73688 1.0
573761 
575676 8236 2.0 16536 2.0 25164 1.0 375885 1.0
576643 977 1.0 250270 1.0
576869 18619 1.0
578403 
578835 29067 1.0 170402 1.0 403903 1.0
583800 
585332 
588828 9639 4.0
588975 211251 2.0
590963 51647 1.0 52725 4.0 53984 1.0 76211 1.0 225276 1.0 958935 2.0
591856 7921 2.0 182283 2.0
593661 303166 1.0 542893 1.0
596265 
601241 7559 1.0 197530 1.0
608480 
609701 
610612 
614342 38904 1.0 177300 4.0
616543 38025 2.0 50654 2.0 826422 4.0
618340 618342 3.0
618342 618340 3.0
622034 117923 1.0
633992 
635532 
640593 
640906 69944 3.0
647982 
650640 47990 1.0
655198 
657425 
663289 
665601 
671639 7501 2.0
675209 
678189 38149 2.0
730481 2246 2.0
733030 
734253 21222 1.0
744305 
748413 
748906 156859 2.0 194730 1.0
770784 8093 1.0
789629 
794766 14893 1.0 197530 3.0
796010 
826422 38025 2.0 50654 2.0 616543 4.0
843250 91 4.0 40672 4.0 44479 2.0 937809 1.0
875538 
880527 
880528 
880870 
914564 
937809 91 1.0 35111 1.0 40672 1.0 44479 3.0 843250 1.0
941650 
958935 51647 1.0 52725 2.0 53984 1.0 54365 1.0 76211 1.0 225276 1.0 590963 2.0
1238998 
1263986 
1434303 
1684818 
1947141 
