87 955 2.0 13758 3.0 25891 2.0 37044 1.0 37896 2.0 63717 1.0 79730 1.0 99924 2.0 121605 1.0 376061 1.0
91 10100 1.0 40606 1.0 40672 7.0 43670 1.0 47165 2.0 48181 2.0 368615 1.0 843250 3.0
100 93159 1.0
103 
181 9437 1.0 42282 1.0 132821 1.0
259 
260 
457 
656 
667 6714 1.0 8766 1.0 12730 1.0 27235 1.0 40173 1.0 114022 1.0 343567 1.0
749 27235 1.0
759 22984 1.0 75277 1.0
791 15072 1.0 67963 3.0 81944 2.0
807 
808 
848 
879 37810 2.0 120603 2.0 155490 2.0
953 
955 87 2.0 2482 1.0 4274 3.0 6962 2.0 24665 2.0 198518 1.0 266194 1.0 343567 1.0
977 189848 1.0
989 193068 2.0
1018 
1524 25346 1.0 95265 1.0
1584 21003 3.0 35608 1.0
1588 23451 1.0
1593 9950 3.0
1598 4929 1.0 13625 2.0 63717 2.0 75369 2.0 169384 2.0 198142 1.0
1776 75277 1.0 318007 1.0
1864 18455 1.0
1919 
2150 
2171 18835 1.0 18849 1.0 21030 1.0 70901 1.0 730481 2.0
2176 
2181 
2184 44563 1.0
2200 184670 3.0 208408 1.0
2204 
2246 
2300 51647 2.0 54202 2.0 358398 1.0 590963 2.0 958935 2.0
2455 
2460 
2482 955 1.0 4274 1.0 5207 2.0 28677 1.0 90808 1.0 123051 1.0
2494 21136 1.0 21191 1.0 27235 1.0 40262 1.0 198385 1.0 390294 1.0
2517 38607 1.0
2534 189113 1.0
2558 
2580 16280 1.0 206256 1.0
2582 206256 1.0
2587 18835 1.0 51939 1.0
2800 35709 1.0 305557 1.0
2849 55883 3.0
2862 
2863 135191 1.0
2867 152350 1.0
2953 
2955 633992 1.0
3010 24196 1.0 168036 1.0
3042 
3127 22093 1.0 249975 1.0 464535 1.0
3161 22984 1.0
3190 
3213 
3343 
3373 3375 3.0 3376 1.0 129978 2.0 149552 1.0
3375 3373 3.0 3376 1.0 129978 1.0
3376 3373 1.0 3375 1.0
3394 25346 1.0 114022 1.0 155187 1.0 596265 1.0
3432 
3441 
3631 82349 1.0
3988 45182 3.0
3992 18634 1.0 21191 3.0 30296 1.0 32760 1.0 42520 1.0 55016 1.0 100676 1.0 129931 1.0 144959 1.0 225527 1.0 227282 1.0 269771 1.0 272212 1.0 522830 1.0
3993 
4221 4504 1.0 13747 2.0 19220 1.0 37918 2.0 43517 4.0 97637 4.0 121605 1.0 123078 2.0 199699 1.0 376061 1.0
4256 4505 1.0 7195 1.0 10100 1.0 70093 1.0
4266 4516 3.0 52356 3.0
4274 955 3.0 2482 1.0 7692 1.0 18619 1.0 22278 1.0 28677 1.0 29518 1.0 41892 1.0 101195 1.0 144958 2.0 266194 1.0 270943 1.0
4291 
4447 
4467 105168 1.0
4473 4533 1.0 46100 1.0
4474 
4480 
4487 
4489 16223 1.0
4499 83779 1.0
4500 124943 1.0
4504 4221 1.0 4505 1.0 43517 1.0 48095 1.0 73678 1.0
4505 4256 1.0 4504 1.0 7195 1.0 73678 1.0 104848 1.0 319455 2.0
4516 4266 3.0 40173 1.0 52356 3.0
4529 4533 1.0
4533 4473 1.0 4529 1.0 7231 1.0 46100 1.0
4546 
4549 45604 3.0
4556 
4561 205709 1.0
4678 
4697 50834 1.0
4718 
4737 22984 2.0 33442 1.0
4768 
4904 
4928 
4929 1598 1.0 5441 2.0
4969 
4997 123078 1.0
4998 
5003 11048 1.0 44712 1.0 269661 1.0
5119 130432 4.0
5150 
5159 
5207 2482 2.0 90808 1.0
5250 30923 3.0
5268 5452 2.0 9613 4.0 9633 1.0 29067 1.0 30842 2.0 375885 1.0
5285 
5312 7647 1.0
5410 517210 4.0
5441 4929 2.0
5452 5268 2.0 10327 1.0 40262 1.0 304329 1.0
5467 8093 1.0 12855 1.0 20638 1.0 118336 1.0 149348 3.0
5517 
5709 
5815 183967 3.0
5834 56487 1.0 155187 1.0
5910 
5945 105166 2.0 428064 2.0
6068 
6098 
6106 
6139 39374 1.0 73393 1.0 95793 1.0 252348 1.0
6143 
6186 102207 1.0 227282 1.0
6361 
6380 
6460 
6462 
6477 23896 3.0 32760 1.0
6558 22093 1.0 68180 2.0 80385 2.0 430104 3.0
6582 327030 1.0 356194 1.0
6595 
6714 667 1.0 14851 1.0 73678 1.0 114213 1.0 145106 1.0
6756 37896 1.0 52781 1.0 266194 1.0
6805 18634 1.0 40518 1.0 468508 1.0
6962 955 2.0
6981 
6984 27235 1.0 58674 1.0
7039 184090 2.0
7195 4256 1.0 4505 1.0 189943 4.0 426881 1.0
7231 4533 1.0 35709 1.0
7280 
7281 9132 2.0 26092 1.0
7309 214439 5.0
7337 
7501 140992 2.0 439174 1.0 671639 2.0
7550 41888 1.0 147269 1.0 183691 1.0
7559 7608 1.0 73176 1.0 107915 1.0 112210 1.0 297176 1.0
7596 41892 1.0 392855 1.0
7608 7559 1.0 73176 1.0 107915 2.0 112210 1.0 297176 2.0
7620 
7647 5312 1.0 77559 1.0 132213 3.0 264795 1.0
7691 7692 1.0
7692 4274 1.0 7691 1.0 41892 1.0 81630 1.0 101195 1.0
7757 7857 1.0
7766 
7781 300850 1.0
7786 
7792 42032 1.0 65543 1.0 87046 1.0
7857 7757 1.0
7921 85032 1.0
7926 
7974 357149 1.0 436421 1.0
7981 48499 3.0 99514 1.0
8057 22984 1.0
8093 5467 1.0 51939 1.0
8129 25294 1.0 115905 1.0 459063 2.0
8206 50906 1.0 62775 1.0 126356 1.0
8214 
8236 9092 1.0 16536 6.0 25164 7.0 37896 1.0 41888 2.0 81558 1.0 154996 3.0 375885 1.0 575676 1.0
8609 50733 1.0 87610 1.0 233577 1.0 347490 1.0
8744 
8766 667 1.0 10102 1.0 12730 3.0 29286 1.0 80402 1.0 107690 2.0 270597 1.0
8926 
8927 
8928 
9064 
9092 8236 1.0 25164 1.0 40262 1.0 376061 1.0 614342 1.0
9100 129832 1.0
9116 
9122 
9132 7281 2.0 26092 1.0
9135 
9158 
9261 14804 1.0 45468 2.0 46164 1.0
9280 
9324 59030 2.0
9375 33719 2.0 114213 2.0 147268 2.0
9405 
9419 
9436 
9437 181 1.0 23451 2.0 105450 2.0
9496 
9497 74377 1.0
9579 
9613 5268 4.0
9633 5268 1.0 59234 4.0
9639 
9643 198676 1.0
9645 
9662 
9701 
9709 
9711 
9715 
9741 
9757 
9769 
9860 10100 1.0 135794 1.0 210810 1.0 266194 1.0
9872 121497 2.0
9877 50809 1.0
9950 1593 3.0
9960 
9965 
9994 
10014 293974 1.0
10100 91 1.0 4256 1.0 9860 1.0 121606 1.0
10102 8766 1.0 27235 1.0 90032 1.0
10186 73678 1.0
10196 79725 1.0
10223 35785 1.0 76258 1.0
10233 38149 2.0
10235 
10259 15159 1.0 196174 1.0
10285 31488 1.0 60146 1.0
10303 
10327 5452 1.0 199706 1.0 267695 1.0
10357 
10358 
10450 
10545 
10562 
10563 
10598 
10601 58674 1.0
10758 
11048 5003 1.0
11134 
11318 39659 1.0
11319 
11454 
11515 47606 1.0
11700 313431 1.0
11714 48193 1.0 55016 2.0 141300 1.0 419316 3.0 488489 3.0
11717 
12428 
12520 
12725 
12730 667 1.0 8766 3.0 27235 8.0 29286 1.0
12855 5467 1.0
12863 301113 1.0
12887 
12958 126352 1.0 168709 1.0 198889 1.0 198890 1.0 198891 1.0 290323 1.0
12971 
13210 275325 2.0
13385 
13467 
13507 
13625 1598 2.0 63717 2.0 75369 2.0 169384 4.0
13626 
13650 59206 1.0 135794 1.0 203846 2.0
13662 
13747 4221 2.0 43517 1.0 121605 1.0 376061 1.0
13758 87 3.0 48029 1.0 121605 2.0 295133 1.0 376061 2.0
13880 174456 2.0
13908 
13942 65242 1.0
14217 
14223 
14264 
14301 14302 1.0
14302 14301 1.0 45437 1.0 370657 1.0
14327 14851 1.0 588975 1.0
14474 
14482 
14508 
14512 
14650 
14651 
14654 
14671 
14707 18261 1.0
14771 
14803 
14804 9261 1.0
14806 
14823 59206 1.0
14851 6714 1.0 14327 1.0
14867 
14879 
14880 240140 1.0
14893 81300 1.0 197530 1.0 221943 1.0 242118 1.0 431049 1.0 520285 1.0 794766 2.0 875538 2.0
14894 
15043 
15070 
15072 791 1.0 82672 1.0 126811 2.0 504963 3.0 548368 2.0
15159 10259 1.0
15193 
15223 69944 1.0 225276 1.0 640906 1.0
15423 15875 1.0 16235 1.0 33719 3.0 49665 3.0 146659 1.0 155301 1.0
15559 269660 1.0
15586 
15587 
15875 15423 1.0 608480 2.0
15948 
15949 
15956 
15970 
16030 
16104 16105 1.0
16105 16104 1.0 23774 3.0
16147 86656 1.0
16149 357109 4.0
16151 
16222 
16223 4489 1.0
16224 
16235 15423 1.0 155187 1.0 183691 1.0
16280 2580 1.0
16282 183691 1.0 375885 1.0 557511 1.0
16283 16284 1.0
16284 16283 1.0 108760 2.0
16401 
16457 
16536 8236 6.0 19220 1.0 25164 6.0 37896 2.0 42019 1.0 47991 2.0 154996 2.0 372871 1.0 375885 2.0
16951 143427 1.0
17249 
17834 
17851 
17910 
17945 
18066 
18199 
18261 14707 1.0 86296 7.0
18265 
18400 
18401 86656 1.0
18418 
18455 1864 1.0 39142 1.0 102526 1.0
18619 4274 1.0 576869 1.0
18634 3992 1.0 6805 1.0 25367 2.0 36641 1.0 73678 1.0 76797 1.0
18675 
18731 
18809 
18813 28677 2.0 81919 3.0
18835 2171 1.0 2587 1.0 18849 2.0
18836 
18849 2171 1.0 18835 2.0 770784 1.0
18880 82466 1.0
18895 89031 1.0
18923 
18959 
18971 
19084 19086 2.0 103079 1.0 235582 1.0
19085 
19086 19084 2.0 19220 3.0 57000 2.0 235582 1.0
19088 27235 1.0
19132 103079 1.0 128302 1.0
19195 
19209 38996 1.0
19210 
19219 50346 1.0 235582 1.0 313057 1.0 450328 1.0
19220 4221 1.0 16536 1.0 19086 3.0 28677 1.0 29518 3.0 57000 3.0 198385 1.0
19223 30187 3.0 109447 1.0
19457 
19534 
19761 
19921 
20450 95868 2.0
20566 
20602 280140 1.0
20638 5467 1.0 53867 2.0
20675 109009 1.0
20676 
20703 
20789 74184 3.0 446031 2.0
20793 
20795 69960 1.0
20797 73996 1.0 104771 5.0
21003 1584 3.0 35608 1.0
21030 2171 1.0
21136 2494 1.0
21159 
21160 
21191 2494 1.0 3992 3.0 40191 1.0 81645 2.0 99924 1.0 223671 1.0 272212 2.0
21196 609701 1.0
21221 21222 3.0
21222 21221 3.0 234911 1.0 391523 1.0 558464 1.0 734253 5.0
21318 21319 2.0
21319 21318 2.0
21429 31488 1.0
21497 
21519 41148 1.0
21746 
21747 41511 3.0 55016 2.0
21958 
21962 347014 2.0 378093 1.0
22078 28611 3.0
22093 3127 1.0 6558 1.0 68180 1.0 80385 1.0 430104 1.0
22198 
22236 
22278 4274 1.0 29518 2.0 38149 1.0 41888 1.0 144958 1.0 304329 1.0
22372 
22733 
22962 
22984 759 1.0 3161 1.0 4737 2.0 8057 1.0 57000 1.0 75277 1.0 121140 1.0 155301 1.0 203846 1.0 235582 2.0
22990 
23088 225276 1.0
23203 
23335 
23345 
23451 1588 1.0 9437 2.0
23774 16105 3.0
23894 
23896 6477 3.0 32760 1.0
24072 
24079 262289 1.0
24196 3010 1.0
24281 78806 1.0
24315 
24316 
24404 
24479 495491 2.0
24550 
24602 
24665 955 2.0 445293 1.0
24693 
24938 
25164 8236 7.0 9092 1.0 16536 6.0 38996 1.0 41888 1.0 47991 2.0 81532 1.0 81558 5.0 121606 1.0 198385 1.0 336857 1.0 389656 2.0 575676 1.0
25183 419526 1.0 470913 1.0
25219 138778 1.0
25265 91478 1.0 108792 4.0 554287 6.0
25291 30296 1.0 114213 1.0 149348 1.0 192225 2.0
25294 8129 1.0 459063 1.0
25329 40327 1.0 87610 1.0 156720 1.0 530409 1.0
25346 1524 1.0 3394 1.0 145574 1.0 426073 1.0
25367 18634 2.0 76797 2.0
25471 
25507 
25572 
25711 
25834 294172 1.0
25890 
25891 87 2.0 29099 1.0 30983 1.0 32707 1.0 37896 3.0 41892 1.0 63717 1.0 198142 2.0 265788 1.0 293255 1.0 326505 1.0 559417 2.0
26092 7281 1.0 9132 1.0 67798 1.0 351883 1.0
26105 
26293 
26376 26377 1.0 538556 1.0
26377 26376 1.0
26475 
26731 
26821 80550 1.0 359655 2.0
26830 
26838 37688 1.0
26877 32760 1.0 184057 1.0
26952 
27063 
27082 
27234 
27235 667 1.0 749 1.0 2494 1.0 6984 1.0 10102 1.0 12730 8.0 19088 1.0 37896 1.0 42157 1.0 58674 1.0 99924 1.0 183691 2.0 270943 1.0
27243 50875 1.0
27335 149552 1.0
27336 
27390 
27640 231966 1.0
28161 75937 1.0 191605 2.0
28163 28164 5.0
28164 28163 5.0
28165 
28185 
28338 
28570 
28571 
28609 
28611 22078 3.0
28644 28668 2.0
28668 28644 2.0 28677 1.0 30017 5.0 50809 1.0
28677 2482 1.0 4274 1.0 18813 2.0 19220 1.0 28668 1.0 30017 4.0 40597 4.0 42520 1.0 74801 2.0 81919 9.0 269771 1.0
28694 
28826 57504 2.0
28840 
29067 5268 1.0 36641 1.0 81558 1.0 356194 1.0 403903 1.0
29099 25891 1.0 32707 3.0 198142 4.0 226311 1.0 559417 1.0
29237 157787 1.0 392855 1.0
29286 8766 1.0 12730 1.0 161333 1.0
29486 
29518 4274 1.0 19220 3.0 22278 2.0 41888 1.0 41892 1.0 81558 1.0 144958 1.0 147269 1.0 150077 2.0 183691 1.0
29876 
30016 107238 2.0 328734 2.0
30017 28668 5.0 28677 4.0 48525 1.0 50809 1.0
30138 138772 1.0 176859 1.0
30187 19223 3.0
30296 3992 1.0 25291 1.0 50346 1.0 242683 1.0 343567 1.0
30342 
30343 
30381 
30405 
30632 86232 2.0 304329 1.0
30634 219103 1.0 227518 1.0
30745 31488 5.0 32076 1.0
30757 
30842 5268 2.0 57000 1.0 81558 3.0 114213 2.0 403903 1.0
30843 
30883 
30923 5250 3.0 48029 1.0
30983 25891 1.0 48003 1.0 293255 1.0 466540 1.0
31036 
31259 35939 3.0
31488 10285 1.0 21429 1.0 30745 5.0 32076 1.0
31489 
31490 
31763 
31942 
32076 30745 1.0 31488 1.0
32177 
32183 
32184 
32189 37958 1.0 137428 1.0
32327 
32353 
32356 
32470 
32546 
32574 179078 3.0
32707 25891 1.0 29099 3.0 198142 3.0 559417 1.0
32760 3992 1.0 6477 1.0 23896 1.0 26877 1.0 55016 1.0 82466 2.0 114213 1.0 211088 1.0 770784 1.0
32889 
32989 134201 1.0 145822 2.0 326999 1.0
33342 
33402 
33431 
33442 4737 1.0
33452 
33508 
33719 9375 2.0 15423 3.0 50834 1.0 81629 1.0 114213 2.0 132821 1.0 146080 1.0 147268 2.0
33828 
33895 38868 2.0
33923 184670 1.0 208408 1.0
34156 159383 2.0
34163 
34233 
34322 
34405 
34466 
34617 54642 2.0 203539 1.0
34678 
35110 
35111 843250 1.0
35127 275259 1.0
35158 
35283 
35389 
35413 135751 1.0
35429 
35444 
35478 
35608 1584 1.0 21003 1.0 135191 3.0
35709 2800 1.0 7231 1.0 305557 1.0
35785 10223 1.0 76258 1.0
35939 31259 3.0
36023 96734 3.0 194277 4.0
36267 
36621 
36625 329507 2.0
36641 18634 1.0 29067 1.0 77559 2.0 246714 1.0
36689 
37044 87 1.0 81372 1.0 132887 1.0 245789 1.0
37171 
37234 37257 1.0
37235 52781 1.0 293255 1.0
37257 37234 1.0
37287 
37291 
37298 
37380 37381 2.0
37381 37380 2.0
37418 
37419 306762 1.0
37451 
37558 
37561 513773 3.0
37682 58674 1.0 79730 1.0 123078 1.0 270614 1.0 344595 1.0 573761 2.0
37688 26838 1.0 82044 2.0
37692 
37694 
37756 
37760 
37810 879 2.0 120603 2.0 155490 7.0 160926 2.0 188266 4.0 245385 1.0 265788 2.0
37836 81372 2.0 192225 1.0 198368 1.0 419316 2.0
37841 
37896 87 2.0 6756 1.0 8236 1.0 16536 2.0 25891 3.0 27235 1.0 52781 1.0 63717 1.0 157968 1.0 198534 1.0 232500 1.0 265788 2.0 375885 1.0
37918 4221 2.0 48181 2.0 123078 1.0 253161 1.0
37958 32189 1.0 552554 3.0
37990 
38025 
38053 
38149 10233 2.0 22278 1.0 678189 2.0
38323 
38397 55016 1.0
38531 
38607 2517 1.0
38705 
38868 33895 2.0
38904 160926 2.0
38978 
38996 19209 1.0 25164 1.0 104848 1.0 336857 1.0
39074 
39142 18455 1.0 149552 4.0
39339 
39374 6139 1.0 40262 1.0 49938 1.0 60139 1.0 73393 1.0 105354 1.0
39525 
39527 
39643 54412 1.0 67680 1.0 201015 1.0 343884 1.0 588975 1.0
39659 11318 1.0
39708 
39746 
39765 39766 2.0
39766 39765 2.0
39858 82044 1.0
39979 162703 1.0
40086 
40168 88713 3.0 152136 2.0 199912 1.0 268928 1.0 383982 4.0
40173 667 1.0 4516 1.0 51939 2.0 391389 1.0
40191 21191 1.0 266194 5.0
40262 2494 1.0 5452 1.0 9092 1.0 39374 1.0 60139 2.0 114213 1.0
40284 
40285 
40301 
40327 25329 1.0 156720 1.0 419316 1.0 488489 1.0
40387 
40497 
40518 6805 1.0 468508 1.0
40531 
40597 28677 4.0 42520 1.0 57504 1.0 74801 2.0 269771 1.0
40606 91 1.0 117923 1.0
40653 40654 2.0 158541 2.0 386135 2.0
40654 40653 2.0
40672 91 7.0 843250 3.0
40803 
40941 
40967 56426 3.0 540949 2.0
41148 21519 1.0 174230 1.0
41511 21747 3.0 42145 2.0 49558 1.0 535580 1.0 535581 2.0
41537 
41806 
41888 7550 1.0 8236 2.0 22278 1.0 25164 1.0 29518 1.0 81558 1.0 147269 4.0 150077 1.0 154996 2.0 183691 1.0 250850 1.0 252958 1.0 304329 1.0
41892 4274 1.0 7596 1.0 7692 1.0 25891 1.0 29518 1.0 81558 5.0 101195 2.0 293255 2.0 326505 1.0 392855 1.0
41950 
42019 16536 1.0 144958 2.0 269771 1.0
42032 7792 1.0 87046 1.0 111273 1.0
42038 
42089 
42108 
42145 41511 2.0
42157 27235 1.0
42282 181 1.0
42383 
42520 3992 1.0 28677 1.0 40597 1.0 68083 1.0 269771 3.0 269772 1.0 522830 2.0 522832 1.0
42728 
42875 
43466 165716 4.0
43517 4221 4.0 4504 1.0 13747 1.0 123078 1.0
43670 91 1.0 99694 3.0 119406 1.0 172390 2.0
43712 
43831 
44170 
44272 
44301 
44326 
44359 
44391 
44399 44573 3.0
44469 
44479 843250 1.0 937809 2.0
44563 2184 1.0 135794 1.0
44573 44399 3.0
44574 
44576 
44664 
44712 5003 1.0
44783 
44961 
45182 3988 3.0
45437 14302 1.0 144716 3.0
45468 9261 2.0
45512 
45514 48834 1.0
45604 4549 3.0
45712 
45830 548368 1.0
46000 
46100 4473 1.0 4533 1.0
46164 9261 1.0 105987 1.0
46232 
46342 
47025 
47165 91 2.0
47543 
47606 11515 1.0
47696 
47990 
47991 16536 2.0 25164 2.0
48003 30983 1.0 52781 1.0 128869 1.0 266194 1.0 459063 1.0
48029 13758 1.0 30923 1.0
48031 
48095 4504 1.0
48115 
48117 
48162 
48174 
48181 91 2.0 37918 2.0 56718 1.0 97637 2.0 100341 1.0 123078 1.0
48184 
48193 11714 1.0
48299 81372 1.0
48389 
48455 
48499 7981 3.0
48525 30017 1.0
48730 53867 1.0 259751 1.0 426881 1.0
48740 
48834 45514 1.0
48835 
49209 
49210 
49319 
49322 
49482 
49489 
49558 41511 1.0
49665 15423 3.0
49718 
49938 39374 1.0
50052 
50277 
50285 233577 1.0
50346 19219 1.0 30296 1.0 313057 1.0
50383 
50531 
50654 160926 1.0
50703 50704 4.0 50705 3.0
50704 50703 4.0 50705 3.0
50705 50703 3.0 50704 3.0 117598 6.0
50733 8609 1.0 87610 1.0
50809 9877 1.0 28668 1.0 30017 1.0 102023 1.0
50834 4697 1.0 33719 1.0
50875 27243 1.0
50906 8206 1.0 62775 1.0 126356 1.0
51413 
51430 
51451 92657 1.0
51548 102463 1.0 357722 2.0
51559 54412 1.0
51561 382235 2.0
51647 2300 2.0 52725 3.0 54202 2.0 590963 5.0 958935 2.0
51729 
51939 2587 1.0 8093 1.0 40173 2.0 343567 1.0
51946 
52161 112209 1.0
52321 249975 2.0 464535 2.0
52356 4266 3.0 4516 3.0
52654 
52655 
52700 
52711 
52722 
52725 51647 3.0 58674 2.0 76211 2.0 225276 2.0 590963 6.0 958935 2.0
52781 6756 1.0 37235 1.0 37896 1.0 48003 1.0 58674 1.0 87610 1.0 141519 1.0 184668 1.0
53329 88817 1.0
53330 
53655 
53665 
53824 
53867 20638 2.0 48730 1.0
53885 65362 1.0
53923 
53984 76258 1.0
53995 
54176 
54202 2300 2.0 51647 2.0 590963 2.0 958935 2.0
54323 
54365 82349 1.0 958935 2.0
54412 39643 1.0 51559 1.0 67680 1.0 96098 8.0 123810 1.0 201015 1.0 343884 1.0 478469 4.0 588975 1.0
54489 
54548 
54549 
54642 34617 2.0 122649 1.0
54644 
54645 235562 3.0
54786 
54811 
55016 3992 1.0 11714 2.0 21747 2.0 32760 1.0 38397 1.0 104848 1.0 223920 2.0
55333 
55418 
55447 109325 1.0
55494 
55502 
55598 
55673 
55776 
55793 
55794 
55883 2849 3.0
56392 
56426 40967 3.0
56487 5834 1.0 155187 1.0
56513 265022 1.0
56718 48181 1.0
56836 96098 1.0
57000 19086 2.0 19220 3.0 22984 1.0 30842 1.0 81558 10.0 104848 1.0
57504 28826 2.0 40597 1.0 186833 1.0
57562 
57723 328734 1.0 522569 3.0
57957 123051 1.0
58310 
58512 
58674 6984 1.0 10601 1.0 27235 1.0 37682 1.0 52725 2.0 52781 1.0 76211 4.0 80550 1.0 81700 1.0 225276 2.0 270614 2.0 590963 2.0 958935 2.0
58733 
58999 414632 1.0
59030 9324 2.0
59046 
59091 
59206 13650 1.0 14823 1.0 135794 1.0 203846 1.0 344842 1.0
59234 9633 4.0
59506 458437 1.0
59977 
60089 
60139 39374 1.0 40262 2.0 77559 1.0 114213 1.0
60146 10285 1.0
60207 81035 1.0
60273 
60274 
60616 389674 1.0
60704 403903 2.0
60706 
60945 
60980 
61150 
61343 
61498 66535 1.0 112120 4.0 132927 1.0 386152 1.0
61696 125197 1.0
61824 
61825 147454 2.0
61827 
62563 66535 1.0
62593 
62618 
62665 
62775 8206 1.0 50906 1.0 126356 1.0
62928 329507 1.0
63265 
63412 
63643 
63690 
63697 66534 1.0 79885 2.0 219675 2.0 374781 1.0
63701 
63717 87 1.0 1598 2.0 13625 2.0 25891 1.0 37896 1.0 75369 2.0 82044 1.0 169384 2.0
64433 
64641 
64674 
64862 
64894 
65015 143310 1.0
65060 
65061 
65140 66729 2.0 169384 7.0
65242 13942 1.0
65362 53885 1.0
65543 7792 1.0
65566 
65567 65568 1.0
65568 65567 1.0
65767 
66342 
66405 
66407 
66504 
66509 
66534 63697 1.0
66535 61498 1.0 62563 1.0 538556 1.0
66635 
66729 65140 2.0 169384 1.0
66866 93866 1.0
66950 
67054 
67680 39643 1.0 54412 1.0 201015 1.0 343884 2.0 588975 1.0
67798 26092 1.0 121140 3.0 146659 1.0
67963 791 3.0 513679 3.0
68042 121300 1.0 179078 2.0
68083 42520 1.0 269772 1.0
68169 
68180 6558 2.0 22093 1.0 80385 2.0 430104 2.0
68265 
68570 
68840 
68901 
69209 
69248 
69249 
69339 69342 1.0 157397 1.0
69341 
69342 69339 1.0 93783 1.0
69343 
69375 
69538 
69642 
69781 123011 4.0 128391 3.0 129673 3.0
69944 15223 1.0 70901 1.0 163108 1.0 517972 1.0 640906 2.0 730481 1.0
69959 69961 1.0 227896 2.0 346050 1.0
69960 20795 1.0 69961 1.0
69961 69959 1.0 69960 1.0 227896 1.0
70093 4256 1.0
70549 
70853 
70901 2171 1.0 69944 1.0 730481 4.0
70946 
71260 
71371 
71633 
71656 113509 1.0
72020 
72271 
72278 
72620 
72685 158361 2.0 223298 1.0 421339 2.0
73005 
73031 
73032 
73176 7559 1.0 7608 1.0 107915 3.0
73330 
73375 89604 1.0
73393 6139 1.0 39374 1.0
73395 
73427 
73471 
73635 
73678 4504 1.0 4505 1.0 6714 1.0 10186 1.0 18634 1.0 433623 2.0
73688 
73734 
73996 20797 1.0 104771 1.0
74021 
74184 20789 3.0
74207 
74220 
74377 9497 1.0
74599 
74628 
74686 79725 3.0
74801 28677 2.0 40597 2.0 244728 1.0 350603 1.0
74839 212101 3.0
75277 759 1.0 1776 1.0 22984 1.0 318007 1.0
75369 1598 2.0 13625 2.0 63717 2.0 169384 2.0
75387 
75393 
75937 28161 1.0
76000 
76012 
76211 52725 2.0 58674 4.0 80550 5.0 225276 3.0 590963 2.0 958935 2.0
76258 10223 1.0 35785 1.0 53984 1.0 123011 2.0
76627 
76711 185744 1.0 278606 1.0
76756 191491 1.0
76797 18634 1.0 25367 2.0 81532 1.0 101195 1.0 148840 1.0 537987 1.0 585332 1.0
76798 
77128 
77559 7647 1.0 36641 2.0 60139 1.0 264795 1.0 322126 1.0
77961 
78144 
78436 
78675 
78726 
78806 24281 1.0
79022 
79345 
79643 
79707 
79709 
79725 10196 1.0 74686 3.0
79730 87 1.0 37682 1.0 123810 1.0 270614 1.0 426881 1.0
79821 79837 5.0 107856 1.0 109499 3.0 278713 3.0
79837 79821 5.0 89632 1.0 109499 5.0 278713 4.0
79885 63697 2.0 219675 5.0 374781 1.0
79914 
80050 
80227 
80385 6558 2.0 22093 1.0 68180 2.0 430104 2.0
80402 8766 1.0 156051 1.0 293255 1.0 569537 3.0
80550 26821 1.0 58674 1.0 76211 5.0 225276 1.0
80571 
80572 
80698 182283 2.0
80735 
80749 423610 2.0
81035 60207 1.0
81300 14893 1.0 221943 1.0
81372 37044 1.0 37836 2.0 48299 1.0
81532 25164 1.0 76797 1.0 101195 1.0 148840 1.0 537987 1.0
81558 8236 1.0 25164 5.0 29067 1.0 29518 1.0 30842 3.0 41888 1.0 41892 5.0 57000 10.0 104848 1.0 154996 1.0 161333 1.0 389656 1.0
81561 
81597 
81629 33719 1.0 99924 4.0 156049 1.0
81630 7692 1.0 255824 1.0
81645 21191 2.0 104848 1.0
81700 58674 1.0
81701 
81919 18813 3.0 28677 9.0
81944 791 2.0
81989 158572 1.0 172910 1.0
82044 37688 2.0 39858 1.0 63717 1.0 132821 1.0 146080 1.0
82045 
82063 
82064 
82118 
82349 3631 1.0 54365 1.0
82403 
82432 378988 1.0
82466 18880 1.0 32760 2.0
82530 
82672 15072 1.0
82885 
83124 109009 1.0
83229 
83493 
83779 4499 1.0
83828 
84892 
84916 159383 1.0 172910 1.0 295223 1.0
84966 84967 2.0
84967 84966 2.0
85032 7921 1.0
85033 
85341 142372 1.0
85468 
85573 
85663 109009 1.0
86070 
86107 
86232 30632 2.0
86296 18261 7.0
86519 
86655 91478 1.0
86656 16147 1.0 18401 1.0
86946 
87046 7792 1.0 42032 1.0
87244 
87312 
87610 8609 1.0 25329 1.0 50733 1.0 52781 1.0 530409 2.0
87679 87681 1.0 87682 1.0
87681 87679 1.0 87682 1.0
87682 87679 1.0 87681 1.0
87787 377548 1.0
88115 
88339 433623 2.0
88713 40168 3.0 112472 1.0 152136 7.0 274001 1.0 383982 9.0
88817 53329 1.0
88872 
88939 
89031 18895 1.0 159383 1.0 392855 1.0 524474 1.0
89604 73375 1.0
89632 79837 1.0
89942 
90032 10102 1.0
90457 
90808 2482 1.0 5207 1.0
90809 
91021 
91032 
91240 
91478 25265 1.0 86655 1.0 108792 1.0 331254 1.0 554287 1.0
91654 
91728 
91850 
91917 105168 1.0 426881 1.0
92331 
92341 
92388 
92409 92637 1.0
92593 
92594 
92637 92409 1.0
92657 51451 1.0
92866 
92876 
93092 
93159 100 1.0
93303 
93604 
93713 
93783 69342 1.0 112209 1.0
93854 141519 1.0
93866 66866 1.0
94100 
94174 
94318 
94324 
94741 
95265 1524 1.0
95752 128869 1.0 523624 1.0
95774 
95775 
95793 6139 1.0 169540 1.0 376855 8.0 578403 8.0
95868 20450 2.0
95913 
95966 
96098 54412 8.0 56836 1.0
96493 
96577 
96734 36023 3.0 194277 3.0
97007 102796 1.0
97009 
97133 
97521 
97536 
97637 4221 4.0 48181 2.0
98376 
98418 
98597 
98866 
98938 
99032 134235 3.0
99140 
99197 
99448 
99514 7981 1.0
99694 43670 3.0
99924 87 2.0 21191 1.0 27235 1.0 81629 4.0
99976 
100037 
100097 
100319 
100341 48181 1.0
100442 173556 1.0
100676 3992 1.0
101195 4274 1.0 7692 1.0 41892 2.0 76797 1.0 81532 1.0 148840 1.0 537987 1.0
101642 635532 1.0
102023 50809 1.0
102207 6186 1.0 227282 1.0
102463 51548 1.0
102526 18455 1.0 116683 1.0 223920 1.0 458622 1.0
102578 
102796 97007 1.0
102832 371218 1.0
102910 
103029 
103064 
103079 19084 1.0 19132 1.0 128302 1.0
103111 
103545 
103622 
103706 
103744 
103758 
104216 
104350 
104738 322126 3.0
104771 20797 5.0 73996 1.0
104848 4505 1.0 38996 1.0 55016 1.0 57000 1.0 81558 1.0 81645 1.0 377548 1.0
105056 
105107 
105166 5945 2.0 428064 2.0
105168 4467 1.0 91917 1.0
105354 39374 1.0 109325 1.0
105396 
105450 9437 2.0 128869 1.0 216276 1.0
105577 
105987 46164 1.0
106073 
106188 376855 1.0 403903 1.0
106226 262886 6.0
106679 238082 1.0
107231 
107238 30016 2.0 328734 3.0
107304 
107557 
107690 8766 2.0
107748 
107856 79821 1.0 157193 1.0
107915 7559 1.0 7608 2.0 73176 3.0 112210 1.0 297176 2.0 520285 1.0
107922 
107930 
108304 
108565 220371 1.0
108758 
108760 16284 2.0
108792 25265 4.0 91478 1.0 554287 4.0
109009 20675 1.0 83124 1.0 85663 1.0
109325 55447 1.0 105354 1.0
109447 19223 1.0
109499 79821 3.0 79837 5.0 278713 3.0
109570 
109618 
109730 184414 2.0
109785 
110436 
110705 
110979 
111273 42032 1.0
111894 
112085 843250 1.0
112120 61498 4.0 386152 1.0
112156 
112209 52161 1.0 93783 1.0
112210 7559 1.0 7608 1.0 107915 1.0 297176 1.0
112244 
112472 88713 1.0 152136 1.0 383982 2.0
113353 
113509 71656 1.0
113723 
114022 667 1.0 3394 1.0 507201 1.0
114213 6714 1.0 9375 2.0 25291 1.0 30842 2.0 32760 1.0 33719 2.0 40262 1.0 60139 1.0 147268 3.0
114684 362408 1.0
114924 
115416 277535 1.0
115698 
115905 8129 1.0 169540 1.0
116305 
116683 102526 1.0 223920 1.0
117598 50705 6.0
117923 40606 1.0
118336 5467 1.0
118347 118429 1.0
118429 118347 1.0
119272 
119406 43670 1.0
119887 
120240 
120567 
120603 879 2.0 37810 2.0 155490 2.0
120980 
121140 22984 1.0 67798 3.0 221822 1.0
121300 68042 1.0
121364 
121497 9872 2.0
121566 
121584 
121605 87 1.0 4221 1.0 13747 1.0 13758 2.0 376061 5.0
121606 10100 1.0 25164 1.0 123078 1.0 150077 1.0 389656 2.0
121627 
121760 
122107 
122649 54642 1.0
122799 
122961 
123011 69781 4.0 76258 2.0 128391 5.0 129673 7.0
123051 2482 1.0 57957 1.0 382546 1.0
123078 4221 2.0 4997 1.0 37682 1.0 37918 1.0 43517 1.0 48181 1.0 121606 1.0
123663 
123810 54412 1.0 79730 1.0 426881 1.0
124215 356291 1.0
124943 4500 1.0 188414 1.0
125197 61696 1.0 141519 1.0
126352 12958 1.0
126356 8206 1.0 50906 1.0 62775 1.0
126811 15072 2.0 504963 2.0 548368 4.0
128296 
128302 19132 1.0 103079 1.0
128334 
128391 69781 3.0 123011 5.0 129673 5.0
128753 
128869 48003 1.0 95752 1.0 105450 1.0 523624 1.0
128885 
129309 
129403 
129673 69781 3.0 123011 7.0 128391 5.0
129690 
129832 9100 1.0
129931 3992 1.0
129978 3373 2.0 3375 1.0 149552 1.0
130432 5119 4.0
130573 
130808 
131373 367123 1.0
131591 
131851 
132213 7647 3.0
132415 272221 1.0 635532 1.0
132568 
132819 
132821 181 1.0 33719 1.0 82044 1.0 146080 2.0
132887 37044 1.0 245789 1.0
132927 61498 1.0
133294 
133331 147454 1.0
134201 32989 1.0
134235 99032 3.0 796010 1.0
134985 
135162 
135191 2863 1.0 35608 3.0
135226 
135751 35413 1.0
135794 9860 1.0 13650 1.0 44563 1.0 59206 1.0 203846 1.0
136176 
136207 208408 1.0 596265 1.0
137348 
137428 32189 1.0
138772 30138 1.0
138778 25219 1.0
140112 
140992 7501 2.0 193925 1.0
141300 11714 1.0 419316 1.0 488489 1.0
141519 52781 1.0 93854 1.0 125197 1.0 325273 2.0
141534 
141715 
141830 160556 2.0 350603 2.0
142372 85341 1.0
143008 
143275 
143300 
143310 65015 1.0
143425 143427 6.0
143427 16951 1.0 143425 6.0
143579 
143674 
143763 
143891 
144313 
144473 357109 1.0
144562 
144579 
144716 45437 3.0
144958 4274 2.0 22278 1.0 29518 1.0 42019 2.0
144959 3992 1.0
145106 6714 1.0
145574 25346 1.0 426073 1.0
145822 32989 2.0 326999 1.0
145900 
146080 33719 1.0 82044 1.0 132821 2.0
146659 15423 1.0 67798 1.0
146816 
146945 
146946 
147096 
147268 9375 2.0 33719 2.0 114213 3.0
147269 7550 1.0 29518 1.0 41888 4.0 150077 8.0 183691 2.0
147346 147347 1.0
147347 147346 1.0
147454 61825 2.0 133331 1.0
147565 168955 1.0
148434 
148757 198368 1.0
148840 76797 1.0 81532 1.0 101195 1.0 537987 2.0
148848 
148852 304807 1.0
149348 5467 3.0 25291 1.0
149448 
149473 
149552 3373 1.0 27335 1.0 39142 4.0 129978 1.0
149820 
149827 
150077 29518 2.0 41888 1.0 121606 1.0 147269 8.0 183691 2.0
150377 297867 1.0
150711 
151326 
151865 
152136 40168 2.0 88713 7.0 112472 1.0 274001 1.0 383982 10.0
152350 2867 1.0
152862 
153192 219116 1.0
153868 
154996 8236 3.0 16536 2.0 41888 2.0 81558 1.0
155187 3394 1.0 5834 1.0 16235 1.0 56487 1.0
155301 15423 1.0 22984 1.0
155490 879 2.0 37810 7.0 120603 2.0 188266 1.0 270597 2.0
155792 
156049 81629 1.0
156051 80402 1.0
156335 
156720 25329 1.0 40327 1.0 203402 1.0
156859 194730 1.0 748906 1.0
156910 
157193 107856 1.0
157378 
157397 69339 1.0
157417 
157787 29237 1.0 392855 1.0 496813 1.0
157907 
157968 37896 1.0
158016 
158361 72685 2.0 421339 8.0
158362 
158541 40653 2.0 386135 3.0
158572 81989 1.0
158738 
159358 
159383 34156 2.0 84916 1.0 89031 1.0 524474 1.0
159450 359655 3.0
159484 
159775 
160006 
160164 
160556 141830 2.0 350603 3.0
160560 
160926 37810 2.0 38904 2.0 50654 1.0
160955 394675 1.0
161333 29286 1.0 81558 1.0
161367 
161808 
162078 
162204 
162703 39979 1.0
162824 
163108 69944 1.0 358398 1.0
163355 
163379 
163405 198534 1.0 232500 1.0
163845 
163867 
164389 
165010 358319 1.0
165333 
165598 
165710 
165714 
165716 43466 4.0
166063 
166733 
166767 
167004 
167259 
167514 
167924 
168036 3010 1.0
168037 
168661 
168709 12958 1.0 198889 1.0 198890 1.0 198891 1.0 290323 1.0
168955 147565 1.0
169384 1598 2.0 13625 4.0 63717 2.0 65140 7.0 66729 1.0 75369 2.0
169540 95793 1.0 115905 1.0
170380 
170402 
170993 
172390 43670 2.0
172578 
172910 81989 1.0 84916 1.0 295223 1.0
173389 
173390 
173556 100442 1.0
173603 
174230 41148 1.0
174410 
174456 13880 2.0
174505 
174694 
175675 
175754 
175839 
175998 
176859 30138 1.0
176933 198889 1.0 198890 1.0
177300 614342 1.0
177369 351515 2.0
177680 
178233 
179016 
179078 32574 3.0 68042 2.0
179741 
180680 
181166 
181577 
181646 
182283 80698 2.0
182284 
182857 
183372 
183691 7550 1.0 16235 1.0 16282 1.0 27235 2.0 29518 1.0 41888 1.0 147269 2.0 150077 2.0
183967 5815 3.0
184057 26877 1.0
184090 7039 2.0
184095 
184414 109730 2.0
184422 
184668 52781 1.0
184670 2200 3.0 33923 1.0 208408 2.0 220371 1.0
185744 76711 1.0 221928 1.0 278606 1.0
186695 
186711 
186833 57504 1.0
186895 
187141 423610 1.0
187585 
188266 37810 4.0 155490 1.0 245385 1.0 265788 2.0
188414 124943 1.0
188770 356194 1.0
188900 
189113 2534 1.0
189672 
189748 330845 1.0
189763 312603 1.0
189848 977 1.0
189902 
189943 7195 4.0
191491 76756 1.0
191596 
191605 28161 2.0
192225 25291 2.0 37836 1.0 419316 1.0
192348 
192402 
193068 989 2.0
193478 
193925 140992 1.0
194137 
194277 36023 4.0 96734 3.0 283877 1.0 663289 1.0
194485 
194730 156859 1.0 748906 1.0
195048 
195600 
196174 10259 1.0
197014 
197442 
197530 14893 1.0 431049 1.0 794766 1.0 875538 1.0
197567 
198115 198117 1.0 376463 1.0
198117 198115 1.0 376463 1.0
198142 1598 1.0 25891 2.0 29099 4.0 32707 3.0 559417 1.0
198368 37836 1.0 148757 1.0
198385 2494 1.0 19220 1.0 25164 1.0 596265 1.0
198518 955 1.0 343567 2.0
198534 37896 1.0 163405 1.0 232500 1.0
198676 9643 1.0
198889 12958 1.0 168709 1.0 176933 1.0 198890 2.0 198891 1.0 290323 1.0
198890 12958 1.0 168709 1.0 176933 1.0 198889 2.0 198891 1.0 290323 1.0
198891 12958 1.0 168709 1.0 198889 1.0 198890 1.0 290323 1.0
199699 4221 1.0
199706 10327 1.0 256450 4.0 266853 1.0
199912 40168 1.0 268928 2.0
199933 
200056 
200444 325280 1.0
201015 39643 1.0 54412 1.0 67680 1.0 343884 2.0 588975 1.0
201235 
203074 
203402 156720 1.0
203539 34617 1.0
203650 
203846 13650 2.0 22984 1.0 59206 1.0 135794 1.0
204132 
204513 
205126 
205474 
205481 
205662 
205709 4561 1.0
206235 
206256 2580 1.0 2582 1.0
206756 
207034 
207911 251871 3.0 365406 4.0
208408 2200 1.0 33923 1.0 136207 1.0 184670 2.0 535594 1.0
210809 
210810 9860 1.0
211088 32760 1.0
211251 588975 3.0
211718 
212101 74839 3.0
212842 
212843 
214439 7309 5.0
214993 
215040 
215702 
216276 105450 1.0 338299 1.0
216513 
217206 
217648 
218178 
219103 30634 1.0
219116 153192 1.0
219675 63697 2.0 79885 5.0 374781 1.0
219898 
220371 108565 1.0 184670 1.0
221822 121140 1.0
221928 185744 1.0 277315 1.0
221943 14893 1.0 81300 1.0
222170 
222171 880527 1.0 880528 1.0
222565 
223298 72685 1.0
223671 21191 1.0
223748 
223920 55016 2.0 102526 1.0 116683 1.0
223954 
224325 
224908 
224918 
225257 
225276 15223 1.0 23088 1.0 52725 2.0 58674 2.0 76211 3.0 80550 1.0 590963 2.0 958935 2.0
225285 
225527 3992 1.0
226311 29099 1.0
227282 3992 1.0 6186 1.0 102207 1.0
227518 30634 1.0
227608 
227741 
227852 
227896 69959 2.0 69961 1.0 346050 1.0
228320 
228352 
228589 
230942 
231966 27640 1.0
232199 
232500 37896 1.0 163405 1.0 198534 1.0
233577 8609 1.0 50285 1.0 293255 1.0
234599 
234911 21222 1.0 391523 1.0 558464 1.0
235113 
235562 54645 3.0
235582 19084 1.0 19086 1.0 19219 1.0 22984 2.0
236785 
238082 106679 1.0
239761 
240140 14880 1.0
241600 270943 1.0 387948 1.0 390353 1.0
242118 14893 1.0 431049 1.0 520285 1.0
242273 
242683 30296 1.0
244617 269727 1.0
244728 74801 1.0 269727 3.0 451675 3.0
244830 
245301 
245385 37810 1.0 188266 1.0 265788 1.0
245789 37044 1.0 132887 1.0
246714 36641 1.0 401061 1.0
249670 
249975 3127 1.0 52321 2.0 464535 3.0
250270 
250607 
250850 41888 1.0
251736 
251761 
251871 207911 3.0 365406 2.0
252348 6139 1.0
252958 41888 1.0
253161 37918 1.0
253223 
253958 
255824 81630 1.0
256190 
256450 199706 4.0
257328 
259751 48730 1.0 262776 2.0 426881 1.0
261409 
261883 
262289 24079 1.0
262776 259751 2.0
262826 
262886 106226 6.0
264470 
264795 7647 1.0 77559 1.0
265022 56513 1.0
265788 25891 1.0 37810 2.0 37896 2.0 188266 2.0 245385 1.0
265808 
266194 955 1.0 4274 1.0 6756 1.0 9860 1.0 40191 5.0 48003 1.0
266853 199706 1.0
267695 10327 1.0
268928 40168 1.0 199912 2.0
269660 15559 1.0
269661 5003 1.0
269727 244617 1.0 244728 3.0 451675 3.0
269771 3992 1.0 28677 1.0 40597 1.0 42019 1.0 42520 3.0 522830 2.0 522832 1.0
269772 42520 1.0 68083 1.0 389656 1.0
270523 
270594 
270597 8766 1.0 155490 2.0
270614 37682 1.0 58674 2.0 79730 1.0
270943 4274 1.0 27235 1.0 241600 1.0
271378 
272171 
272212 3992 1.0 21191 2.0
272221 132415 1.0 360256 2.0 635532 2.0
272238 
272270 
272356 
272693 
273008 
273432 
274001 88713 1.0 152136 1.0 383982 2.0
275259 35127 1.0
275325 13210 2.0
277275 
277315 221928 1.0
277535 115416 1.0
278606 76711 1.0 185744 1.0
278713 79821 3.0 79837 4.0 109499 3.0
280140 20602 1.0
283877 194277 1.0 663289 1.0
284394 
288850 
289448 
289946 
290102 
290323 12958 1.0 168709 1.0 198889 1.0 198890 1.0 198891 1.0
290843 
291060 
291232 
293255 25891 1.0 30983 1.0 37235 1.0 41892 2.0 80402 1.0 233577 1.0
293582 
293974 10014 1.0
294172 25834 1.0
294219 
294286 
294814 
295133 13758 1.0
295223 84916 1.0 172910 1.0
296416 493850 1.0
296619 
297176 7559 1.0 7608 2.0 107915 2.0 112210 1.0
297867 150377 1.0
300850 7781 1.0
301052 
301082 
301113 12863 1.0
301816 
302469 
303166 542893 1.0 593661 1.0
303712 
304329 5452 1.0 22278 1.0 30632 1.0 41888 1.0
304807 148852 1.0 389674 2.0
305557 2800 1.0 35709 1.0
306762 37419 1.0
306832 
309444 
312603 189763 1.0
313057 19219 1.0 50346 1.0
313393 
313431 11700 1.0
315891 
316572 
317305 
318007 1776 1.0 75277 1.0
319455 4505 2.0
321302 
322126 77559 1.0 104738 3.0
324571 
325273 141519 2.0
325280 200444 1.0
326505 25891 1.0 41892 1.0
326929 
326999 32989 1.0 145822 1.0
327030 6582 1.0
327088 
328734 30016 2.0 57723 1.0 107238 3.0
329507 36625 2.0 62928 1.0
330845 189748 1.0
331254 91478 1.0
335103 
336857 25164 1.0 38996 1.0
338066 
338299 216276 1.0
343567 667 1.0 955 1.0 30296 1.0 51939 1.0 198518 2.0
343884 39643 1.0 54412 1.0 67680 2.0 201015 2.0 588975 2.0
343919 
344578 
344595 37682 1.0
344842 59206 1.0
346050 69959 1.0 227896 1.0
347014 21962 2.0 378093 2.0
347234 
347490 8609 1.0
348174 
349167 
350603 74801 1.0 141830 2.0 160556 3.0
351271 391134 1.0
351515 177369 2.0
351883 26092 1.0 517972 2.0
351896 
354517 
354633 
356194 6582 1.0 29067 1.0 188770 1.0
356291 124215 1.0
356325 
357109 16149 4.0 144473 1.0
357149 7974 1.0
357722 51548 2.0
358319 165010 1.0
358398 2300 1.0 163108 1.0
358752 
359655 26821 2.0 159450 3.0
360256 272221 2.0
362311 
362408 114684 1.0
362769 
363343 
363910 
365406 207911 4.0 251871 2.0
365700 
365788 
366065 
367123 131373 1.0 428064 1.0
367799 
368615 91 1.0
370657 14302 1.0
371141 
371218 102832 1.0
372871 16536 1.0
374781 63697 1.0 79885 1.0 219675 1.0
375162 
375885 5268 1.0 8236 1.0 16282 1.0 16536 2.0 37896 1.0 552554 1.0
376061 87 1.0 4221 1.0 9092 1.0 13747 1.0 13758 2.0 121605 5.0
376463 198115 1.0 198117 1.0
376824 
376855 95793 8.0 106188 1.0 578403 14.0
377548 87787 1.0 104848 1.0
378093 21962 1.0 347014 2.0
378988 82432 1.0
382209 
382235 51561 2.0
382546 123051 1.0
383463 
383982 40168 4.0 88713 9.0 112472 2.0 152136 10.0 274001 2.0
386135 40653 2.0 158541 3.0
386152 61498 1.0 112120 1.0
386443 
386528 
387078 
387948 241600 1.0 390353 1.0 426996 1.0
389656 25164 2.0 81558 1.0 121606 2.0 269772 1.0
389674 60616 1.0 304807 2.0
390294 2494 1.0
390353 241600 1.0 387948 1.0
390625 
391134 351271 1.0
391389 40173 1.0
391523 21222 1.0 234911 1.0 558464 1.0
391622 
392855 7596 1.0 29237 1.0 41892 1.0 89031 1.0 157787 1.0
394675 160955 1.0
400266 
401061 246714 1.0
401561 
402282 
402430 
403903 29067 1.0 30842 1.0 60704 2.0 106188 1.0
408084 
413250 
414632 58999 1.0
416517 
417896 
419316 11714 3.0 37836 2.0 40327 1.0 141300 1.0 192225 1.0 488489 4.0
419526 25183 1.0
420272 
421339 72685 2.0 158361 8.0
423336 
423610 80749 2.0 187141 1.0
426073 25346 1.0 145574 1.0
426375 
426881 7195 1.0 48730 1.0 79730 1.0 91917 1.0 123810 1.0 259751 1.0
426996 387948 1.0
428064 5945 2.0 105166 2.0 367123 1.0
429894 
430104 6558 3.0 22093 1.0 68180 2.0 80385 2.0
431049 14893 1.0 197530 1.0 242118 1.0 520285 1.0
433623 73678 2.0 88339 2.0
435131 
436421 7974 1.0
439174 7501 1.0 671639 1.0
440170 
445047 
445293 24665 1.0
445880 
446030 
446031 20789 2.0
449548 
450328 19219 1.0
451675 244728 3.0 269727 3.0
456291 
457361 558503 3.0
457981 
458437 59506 1.0
458622 102526 1.0
459063 8129 2.0 25294 1.0 48003 1.0
460550 
464535 3127 1.0 52321 2.0 249975 3.0
466526 
466540 30983 1.0
466652 
468508 6805 1.0 40518 1.0
470913 25183 1.0
478469 54412 4.0
487012 
488489 11714 3.0 40327 1.0 141300 1.0 419316 4.0
490741 
490813 
491003 
491504 
493850 296416 1.0
495491 24479 2.0
496813 157787 1.0
504963 15072 3.0 126811 2.0 548368 2.0
507201 114022 1.0
507832 
508057 
511540 
513679 67963 3.0
513773 37561 3.0
513855 
514517 
515313 
517210 5410 4.0
517972 69944 1.0 351883 2.0 640906 1.0
520285 14893 1.0 107915 1.0 242118 1.0 431049 1.0
522569 57723 3.0
522830 3992 1.0 42520 2.0 269771 2.0 522832 1.0
522832 42520 1.0 269771 1.0 522830 1.0
523624 95752 1.0 128869 1.0
524474 89031 1.0 159383 1.0
530409 25329 1.0 87610 2.0
531227 
535549 
535580 41511 1.0 535581 5.0
535581 41511 2.0 535580 5.0
535594 208408 1.0
537987 76797 1.0 81532 1.0 101195 1.0 148840 2.0
538556 26376 1.0 66535 1.0
540484 
540949 40967 2.0
541943 
542893 303166 1.0 593661 2.0
543758 
548368 15072 2.0 45830 1.0 126811 4.0 504963 2.0
552554 37958 3.0 375885 1.0
554287 25265 6.0 91478 1.0 108792 4.0
555531 
557511 16282 1.0
558464 21222 1.0 234911 1.0 391523 1.0
558503 457361 3.0
559417 25891 2.0 29099 1.0 32707 1.0 198142 1.0
562316 
564213 
564486 
569537 80402 3.0
569727 
573761 37682 2.0
575676 8236 1.0 25164 1.0
576643 
576869 18619 1.0
578403 95793 8.0 376855 14.0
578835 
583800 
585332 76797 1.0
588828 
588975 14327 1.0 39643 1.0 54412 1.0 67680 1.0 201015 1.0 211251 3.0 343884 2.0
590963 2300 2.0 51647 5.0 52725 6.0 54202 2.0 58674 2.0 76211 2.0 225276 2.0 958935 4.0
591856 
593661 303166 1.0 542893 2.0
596265 3394 1.0 136207 1.0 198385 1.0
601241 875538 1.0
608480 15875 2.0
609701 21196 1.0
610612 
614342 9092 1.0 177300 1.0
616543 
618340 618342 6.0
618342 618340 6.0
622034 
633992 2955 1.0
635532 101642 1.0 132415 1.0 272221 2.0
640593 
640906 15223 1.0 69944 2.0 517972 1.0
647982 
650640 
655198 
657425 
663289 194277 1.0 283877 1.0
665601 
671639 7501 2.0 439174 1.0
675209 
678189 38149 2.0
730481 2171 2.0 69944 1.0 70901 4.0
733030 
734253 21222 5.0
744305 
748413 
748906 156859 1.0 194730 1.0
770784 18849 1.0 32760 1.0
789629 
794766 14893 2.0 197530 1.0 875538 2.0
796010 134235 1.0
826422 
843250 91 3.0 35111 1.0 40672 3.0 44479 1.0 112085 1.0
875538 14893 2.0 197530 1.0 601241 1.0 794766 2.0
880527 222171 1.0 880528 1.0
880528 222171 1.0 880527 1.0
880870 
914564 
937809 44479 2.0
941650 
958935 2300 2.0 51647 2.0 52725 2.0 54202 2.0 54365 2.0 58674 2.0 76211 2.0 225276 2.0 590963 4.0
1238998 
1263986 
1434303 
1684818 
1947141 
