87 955 2.0 63717 1.0 79730 1.0 99924 1.0
91 5910 2.0 10450 1.0 40672 3.0 43670 1.0 368615 1.0
100 
103 
181 9437 1.0 169540 1.0
259 
260 
457 
656 
667 9643 1.0 95265 1.0 114022 1.0
749 327030 1.0
759 163108 1.0
791 35444 1.0 67963 1.0 81944 1.0
807 
808 
848 45604 1.0
879 
953 
955 87 2.0 4274 1.0 14893 1.0 18619 1.0 48029 1.0 426881 1.0
977 189848 1.0 358319 1.0
989 4533 1.0
1018 
1524 25346 1.0 145574 1.0 267695 1.0
1584 
1588 23451 2.0
1593 9950 1.0
1598 156335 1.0
1776 
1864 
1919 
2150 18418 1.0
2171 2246 1.0 20675 1.0 21030 3.0 70901 1.0 206256 1.0 730481 5.0
2176 82530 1.0
2181 
2184 36267 1.0 102796 1.0
2200 184670 1.0 198142 1.0
2204 9497 1.0 15956 1.0 18835 1.0
2246 2171 1.0 730481 2.0
2300 33923 1.0 51647 1.0 52725 1.0 590963 1.0
2455 
2460 
2482 2953 2.0 18849 1.0 259751 1.0
2494 38025 1.0 160560 1.0
2517 
2534 
2558 
2580 
2582 
2587 18835 1.0 40262 1.0
2800 
2849 20675 2.0 55883 3.0
2862 
2863 
2867 
2953 2482 2.0
2955 
3010 168036 1.0
3042 
3127 14301 2.0 249975 1.0
3161 18959 1.0 99140 1.0
3190 129673 1.0
3213 
3343 
3373 3375 2.0
3375 3373 2.0
3376 
3394 38996 1.0 144959 1.0
3432 
3441 16147 2.0
3631 
3988 45182 2.0
3992 5312 1.0 7692 1.0 21191 1.0 42520 1.0 53330 2.0 81558 2.0 128869 1.0 389656 5.0
3993 203074 2.0
4221 97637 2.0
4256 4505 1.0 9158 1.0 54412 1.0 426881 1.0
4266 4516 1.0 40173 2.0 52356 1.0
4274 955 1.0 7692 1.0 13650 1.0 16147 1.0 29067 1.0 29518 1.0 135794 1.0 203846 1.0
4291 
4447 
4467 
4473 
4474 4904 1.0
4480 
4487 257328 1.0
4489 16223 2.0 73330 1.0
4499 
4500 
4504 4505 1.0 73678 1.0
4505 4256 1.0 4504 1.0 319455 1.0
4516 4266 1.0 52356 1.0 87312 1.0
4529 8744 1.0 10102 1.0 43712 1.0
4533 989 1.0
4546 
4549 
4556 
4561 
4678 
4697 
4718 
4737 
4768 
4904 4474 1.0
4928 
4929 242118 1.0
4969 
4997 
4998 
5003 269661 2.0
5119 118429 1.0
5150 
5159 
5207 
5250 
5268 15956 1.0 30983 1.0 80402 2.0 183691 3.0
5285 
5312 3992 1.0 7647 1.0 264470 1.0
5410 16105 1.0 25346 2.0 37419 1.0 145574 2.0 159383 2.0 169540 1.0 267695 1.0 426073 1.0
5441 242118 1.0
5452 10186 1.0 129309 1.0 153192 1.0 389656 1.0
5467 20638 1.0 149348 4.0
5517 
5709 
5815 183967 3.0
5834 
5910 91 2.0
5945 51451 1.0 105166 1.0 428064 1.0
6068 
6098 
6106 138778 1.0
6139 19219 2.0 28826 1.0 39374 1.0 55502 1.0 73393 1.0 450328 1.0
6143 
6186 
6361 
6380 
6460 
6462 
6477 23896 2.0
6558 430104 1.0
6582 327030 1.0
6595 
6714 27235 1.0 128869 1.0
6756 
6805 40518 2.0 40531 1.0 468508 1.0
6962 40262 1.0
6981 
6984 
7039 
7195 10100 1.0 79730 1.0 189943 2.0 426881 1.0
7231 
7280 36267 1.0
7281 9132 1.0 26092 1.0 102796 1.0
7309 214439 1.0
7337 
7501 671639 1.0
7550 
7559 
7596 48193 1.0 104848 1.0
7608 
7620 
7647 5312 1.0
7691 
7692 3992 1.0 4274 1.0 41892 2.0 57000 1.0
7757 7857 3.0 73375 1.0 167004 2.0
7766 
7781 7792 2.0
7786 
7792 7781 2.0
7857 7757 3.0 167004 2.0
7921 37298 1.0 50834 1.0
7926 
7974 357149 1.0
7981 48499 1.0 99514 1.0
8057 22984 1.0 25891 1.0 38996 1.0
8093 51939 1.0
8129 459063 1.0
8206 50906 1.0 62775 1.0 126356 3.0
8214 
8236 16536 7.0 25164 4.0 154996 1.0 552554 1.0 575676 1.0
8609 9965 1.0 50733 1.0 87610 1.0 535594 1.0
8744 4529 1.0 10102 1.0
8766 68083 2.0 107690 3.0 112156 1.0
8926 
8927 
8928 
9064 
9092 13758 3.0 16536 2.0 29518 2.0 37918 1.0 57723 1.0 121605 5.0 376061 3.0
9100 97007 1.0
9116 9877 1.0
9122 
9132 7281 1.0 26092 1.0
9135 
9158 4256 1.0 98418 1.0
9261 9280 1.0 14771 1.0
9280 9261 1.0 14771 1.0
9324 81630 1.0
9375 33719 1.0 114213 1.0 147268 2.0
9405 
9419 
9436 
9437 181 1.0 23451 1.0 105450 1.0 169540 1.0
9496 
9497 2204 1.0 9643 4.0 18066 1.0
9579 
9613 
9633 
9639 588828 1.0
9643 667 1.0 9497 4.0 18066 1.0
9645 
9662 
9701 
9709 
9711 
9715 18619 1.0
9741 
9757 
9769 
9860 10100 2.0 37896 1.0 48095 1.0
9872 
9877 9116 1.0 50809 1.0
9950 1593 1.0
9960 
9965 8609 1.0 166063 1.0 535594 1.0
9994 
10014 
10100 7195 1.0 9860 2.0
10102 4529 1.0 8744 1.0 27235 1.0 30296 1.0 50809 1.0 128869 1.0
10186 5452 1.0 389656 1.0
10196 
10223 35785 1.0 76258 1.0 121760 1.0
10233 242683 1.0
10235 
10259 14771 1.0 15159 3.0 196174 1.0
10285 30745 2.0 31488 2.0 60146 2.0
10303 
10327 81701 1.0 104848 1.0 270943 1.0
10357 
10358 
10450 91 1.0 73996 2.0
10545 
10562 
10563 
10598 
10601 
10758 88339 1.0
11048 
11134 
11318 30296 1.0 86946 1.0
11319 
11454 
11515 
11700 445293 1.0
11714 419316 1.0 488489 1.0
11717 
12428 
12520 
12725 
12730 27235 9.0 40327 1.0 153192 2.0 252348 1.0 375885 1.0 535594 2.0
12855 
12863 132213 1.0
12887 
12958 198889 1.0 198890 1.0 198891 1.0 290323 1.0 315891 1.0
12971 
13210 275325 4.0
13385 
13467 
13507 
13625 169384 1.0
13626 113723 2.0
13650 4274 1.0 203846 1.0
13662 
13747 144313 1.0
13758 9092 3.0 15586 1.0 121605 1.0 295133 1.0
13880 55598 1.0
13908 
13942 
14217 
14223 
14264 
14301 3127 2.0
14302 45437 1.0 144716 1.0 182857 1.0 370657 2.0
14327 14851 2.0 51559 1.0 362769 1.0
14474 34156 1.0 48730 1.0 195048 1.0
14482 
14508 
14512 
14650 
14651 
14654 
14671 
14707 18261 1.0
14771 9261 1.0 9280 1.0 10259 1.0
14803 
14804 
14806 
14823 
14851 14327 2.0 51559 1.0 134201 1.0 362769 2.0
14867 
14879 
14880 240140 1.0
14893 955 1.0 18619 1.0 59206 1.0 197530 1.0 242118 1.0 426881 1.0 431049 1.0 794766 1.0
14894 
15043 158361 1.0 421339 1.0
15070 
15072 163845 1.0 504963 4.0
15159 10259 3.0 196174 1.0
15193 
15223 16536 1.0 49665 1.0 181577 1.0 252348 1.0
15423 26092 1.0 146659 1.0
15559 
15586 13758 1.0 15587 1.0
15587 15586 1.0
15875 
15948 
15949 
15956 2204 1.0 5268 1.0 25346 1.0 37841 1.0 117923 1.0 145574 1.0 426073 1.0
15970 
16030 
16104 
16105 5410 1.0
16147 3441 2.0 4274 1.0 29518 1.0 86656 1.0
16149 357109 1.0
16151 
16222 
16223 4489 2.0
16224 
16235 
16280 
16282 16536 1.0 57000 1.0
16283 
16284 108760 3.0
16401 
16457 37257 2.0
16536 8236 7.0 9092 2.0 15223 1.0 16282 1.0 25164 7.0 28571 1.0 28826 1.0 29518 2.0 41888 1.0 47991 1.0 57000 1.0 121606 2.0 172910 2.0 252348 3.0 375885 2.0 552554 1.0
16951 
17249 
17834 
17851 
17910 
17945 
18066 9497 1.0 9643 1.0
18199 
18261 14707 1.0 86296 2.0
18265 
18400 
18401 86656 1.0
18418 2150 1.0
18455 
18619 955 1.0 9715 1.0 14893 1.0 426881 1.0 576869 1.0
18634 36641 1.0 42019 1.0 161333 1.0 301113 2.0 389656 1.0
18675 34163 1.0
18731 
18809 
18813 28677 1.0 81919 1.0 99924 1.0 150711 1.0
18835 2204 1.0 2587 1.0 18849 1.0
18836 
18849 2482 1.0 18835 1.0
18880 
18895 89031 1.0
18923 102526 1.0 183691 1.0
18959 3161 1.0
18971 
19084 19085 2.0 19086 2.0 22984 1.0 329507 1.0
19085 19084 2.0 19086 2.0
19086 19084 2.0 19085 2.0 19219 3.0 19220 1.0 68083 1.0 74801 1.0 450328 1.0
19088 
19132 
19195 
19209 38996 2.0
19210 
19219 6139 2.0 19086 3.0 68083 1.0 235582 1.0 313057 1.0 450328 2.0
19220 19086 1.0 29518 1.0 30017 2.0 32760 1.0 74801 1.0 104848 1.0
19223 30187 2.0 109447 1.0
19457 
19534 
19761 
19921 
20450 45437 1.0 95868 3.0
20566 
20602 280140 1.0
20638 5467 1.0
20675 2171 1.0 2849 2.0 21030 1.0 55883 1.0 730481 1.0
20676 
20703 25291 1.0
20789 74184 1.0 446031 2.0
20793 
20795 69960 1.0 69961 1.0 346050 1.0
20797 73996 1.0 104771 3.0
21003 35608 1.0
21030 2171 3.0 20675 1.0 730481 1.0
21136 52781 2.0
21159 21160 1.0
21160 21159 1.0
21191 3992 1.0 128869 1.0 375885 1.0
21196 609701 2.0
21221 21222 1.0
21222 21221 1.0 391523 1.0 734253 2.0
21318 21319 3.0
21319 21318 3.0
21429 30745 1.0
21497 
21519 
21746 
21747 41511 4.0 55016 4.0
21958 
21962 
22078 
22093 
22198 
22236 
22278 
22372 
22733 
22962 
22984 8057 1.0 19084 1.0 92409 1.0
22990 
23088 
23203 62928 1.0
23335 
23345 
23451 1588 2.0 9437 1.0
23774 
23894 
23896 6477 2.0
24072 
24079 
24196 
24281 
24315 
24316 
24404 
24479 95868 1.0 413250 3.0 495491 1.0
24550 
24602 
24665 
24693 
24938 
25164 8236 4.0 16536 7.0 47991 1.0 57000 1.0 121606 1.0 172910 1.0
25183 419526 1.0
25219 25329 1.0 270597 1.0
25265 108792 3.0 554287 3.0
25291 20703 1.0 55016 2.0 192225 1.0
25294 73678 1.0 95793 1.0 252348 1.0 327030 1.0 408084 2.0
25329 25219 1.0 30296 1.0 255824 1.0 419316 1.0
25346 1524 1.0 5410 2.0 15956 1.0 117923 1.0 131591 1.0 131851 1.0 145574 8.0 169540 1.0 267695 3.0 426073 7.0
25367 76797 1.0
25471 
25507 79725 1.0 169540 1.0 770784 1.0
25572 
25711 
25834 
25890 
25891 8057 1.0 29099 1.0 32707 1.0 41892 2.0 128869 1.0 198142 1.0 210810 2.0 242683 1.0 326505 2.0 559417 6.0
26092 7281 1.0 9132 1.0 15423 1.0
26105 
26293 
26376 26377 1.0 538556 1.0
26377 26376 1.0
26475 54412 1.0 96098 1.0
26731 
26821 
26830 26952 1.0
26838 
26877 
26952 26830 1.0
27063 
27082 
27234 
27235 6714 1.0 10102 1.0 12730 9.0 27243 1.0 40327 1.0 42157 1.0 42520 2.0 50809 1.0 52781 1.0 89942 2.0 128869 1.0 426881 1.0
27243 27235 1.0 40967 1.0 426881 1.0
27335 
27336 
27390 
27640 
28161 75937 1.0 191605 1.0
28163 28164 4.0
28164 28163 4.0
28165 
28185 
28338 
28570 
28571 16536 1.0 41888 1.0
28609 
28611 
28644 
28668 
28677 18813 1.0 30017 2.0 40597 1.0 42520 2.0 74801 1.0 81919 5.0 245385 1.0 269771 1.0 389656 1.0 522832 2.0
28694 
28826 6139 1.0 16536 1.0 29067 1.0 30842 1.0 55502 2.0 57504 1.0 376855 1.0
28840 
29067 4274 1.0 28826 1.0
29099 25891 1.0 32707 2.0 198142 1.0
29237 
29286 
29486 
29518 4274 1.0 9092 2.0 16147 1.0 16536 2.0 19220 1.0 59506 1.0 121605 3.0 147269 1.0 150077 1.0 252348 1.0 375885 1.0 376061 3.0
29876 102832 1.0 219103 1.0 262289 1.0
30016 
30017 19220 2.0 28677 2.0 81645 1.0 147269 1.0 522832 1.0
30138 
30187 19223 2.0
30296 10102 1.0 11318 1.0 25329 1.0 37896 1.0 41511 1.0 86946 1.0 102023 1.0 351515 1.0
30342 
30343 564486 1.0
30381 
30405 
30632 
30634 227518 1.0
30745 10285 2.0 21429 1.0 31488 8.0 32076 2.0
30757 
30842 28826 1.0 75393 1.0 81558 3.0 423610 1.0 555531 1.0
30843 
30883 
30923 
30983 5268 1.0 37836 1.0 156051 1.0 293255 1.0
31036 
31259 235582 1.0
31488 10285 2.0 30745 8.0 32076 2.0
31489 
31490 245301 1.0
31763 
31942 49718 1.0
32076 30745 2.0 31488 2.0
32177 
32183 
32184 
32189 38149 1.0 137428 6.0
32327 
32353 
32356 293582 3.0
32470 
32546 91917 1.0
32574 
32707 25891 1.0 29099 2.0 198142 1.0 541943 2.0
32760 19220 1.0 50346 1.0 82466 1.0 104848 1.0
32889 
32989 120567 1.0 145822 2.0 326999 3.0
33342 33452 1.0 102578 1.0 348174 1.0
33402 41511 1.0
33431 350603 1.0
33442 
33452 33342 1.0 102578 1.0
33508 
33719 9375 1.0 147268 1.0 622034 1.0
33828 
33895 38868 1.0
33923 2300 1.0 184670 1.0
34156 14474 1.0 37044 2.0 48525 1.0 99448 1.0 113353 1.0 195048 1.0
34163 18675 1.0
34233 84916 2.0 295223 2.0
34322 
34405 
34466 
34617 54642 1.0
34678 
35110 
35111 
35127 
35158 
35283 45468 1.0
35389 53923 1.0
35413 
35429 
35444 791 1.0 67963 1.0
35478 
35608 21003 1.0 135191 1.0
35709 
35785 10223 1.0 76258 1.0
35939 
36023 96734 1.0 176859 1.0 194277 1.0
36267 2184 1.0 7280 1.0
36621 
36625 
36641 18634 1.0 81989 1.0 246714 1.0
36689 
37044 34156 2.0 48003 1.0 82530 1.0
37171 
37234 37257 7.0
37235 42108 1.0
37257 16457 2.0 37234 7.0
37287 
37291 414632 1.0
37298 7921 1.0 50834 2.0 210809 1.0
37380 37381 5.0 65566 1.0 65568 1.0 104350 1.0
37381 37380 5.0 160955 1.0
37418 
37419 5410 1.0 256450 1.0
37451 
37558 60273 1.0
37561 
37682 58674 1.0 79730 1.0 123078 1.0 270614 1.0 573761 1.0
37688 37836 1.0 82044 3.0 244830 1.0
37692 
37694 
37756 
37760 
37810 155490 3.0 160926 2.0 188266 2.0
37836 30983 1.0 37688 1.0 39858 1.0 82672 1.0 121140 1.0 244830 1.0 419316 1.0 588828 1.0
37841 15956 1.0
37896 9860 1.0 30296 1.0 44170 2.0 48003 1.0 52781 1.0 73678 1.0 242683 1.0 293255 1.0 376855 1.0
37918 9092 1.0 123078 1.0 150377 1.0
37958 
37990 
38025 2494 1.0
38053 
38149 32189 1.0 137428 2.0 678189 3.0
38323 
38397 55016 1.0
38531 40173 1.0 391389 2.0
38607 
38705 
38868 33895 1.0
38904 
38978 
38996 3394 1.0 8057 1.0 19209 2.0 82672 1.0
39074 
39142 149552 1.0
39339 
39374 6139 1.0 40262 1.0 50346 1.0 73393 1.0 266194 1.0 295133 3.0
39525 392855 4.0
39527 
39643 
39659 
39708 
39746 
39765 39766 1.0 266853 1.0
39766 39765 1.0
39858 37836 1.0
39979 
40086 
40168 
40173 4266 2.0 38531 1.0 56426 1.0 68169 1.0 105450 1.0 198368 1.0 301113 1.0 391389 1.0
40191 266194 4.0
40262 2587 1.0 6962 1.0 39374 1.0 137428 1.0 155301 1.0 375885 1.0
40284 
40285 
40301 
40327 12730 1.0 27235 1.0 155301 1.0 156720 1.0
40387 
40497 
40518 6805 2.0 468508 1.0
40531 6805 1.0
40597 28677 1.0 42520 1.0 269771 1.0
40606 
40653 40654 2.0 253223 2.0
40654 40653 2.0
40672 91 3.0
40803 
40941 
40967 27243 1.0 80227 1.0 540949 1.0
41148 
41511 21747 4.0 30296 1.0 33402 1.0 42145 1.0 55016 2.0
41537 
41806 
41888 16536 1.0 28571 1.0 47991 1.0 375885 1.0
41892 7692 2.0 25891 2.0 81558 1.0 81630 1.0 326505 3.0
41950 
42019 18634 1.0 242683 3.0 389656 3.0
42032 
42038 
42089 
42108 37235 1.0
42145 41511 1.0
42157 27235 1.0
42282 57957 1.0 115905 2.0 304807 1.0
42383 
42520 3992 1.0 27235 2.0 28677 2.0 40597 1.0 68083 2.0 269771 1.0 269772 1.0 389656 4.0 522830 2.0
42728 
42875 
43466 143275 2.0
43517 
43670 91 1.0 99694 2.0
43712 4529 1.0
43831 
44170 37896 2.0
44272 
44301 
44326 57562 2.0 493850 1.0
44359 105577 2.0
44391 313431 1.0
44399 
44469 
44479 
44563 61824 1.0 135794 1.0
44573 
44574 
44576 
44664 
44712 
44783 
44961 
45182 3988 2.0
45437 14302 1.0 20450 1.0
45468 35283 1.0 46232 1.0
45512 
45514 
45604 848 1.0
45712 61824 1.0
45830 548368 2.0
46000 
46100 
46164 105987 1.0
46232 45468 1.0
46342 
47025 
47165 
47543 
47606 
47696 
47990 
47991 16536 1.0 25164 1.0 41888 1.0
48003 37044 1.0 37896 1.0 52781 3.0 81532 1.0 90032 1.0 104848 1.0 184668 1.0 211088 1.0 376855 1.0
48029 955 1.0
48031 
48095 9860 1.0
48115 
48117 
48162 
48174 
48181 81372 1.0 97637 1.0
48184 
48193 7596 1.0
48299 
48389 
48455 
48499 7981 1.0
48525 34156 1.0
48730 14474 1.0
48740 
48834 
48835 
49209 
49210 
49319 
49322 
49482 
49489 160560 1.0
49558 121627 1.0 426881 1.0
49665 15223 1.0
49718 31942 1.0 297176 2.0
49938 
50052 
50277 
50285 
50346 32760 1.0 39374 1.0 114213 3.0
50383 
50531 
50654 73678 1.0 141519 1.0
50703 50704 5.0 50705 4.0
50704 50703 5.0 50705 4.0
50705 50703 4.0 50704 4.0 53824 1.0 117598 1.0
50733 8609 1.0 87610 2.0
50809 9877 1.0 10102 1.0 27235 1.0 128869 1.0 182284 1.0
50834 7921 1.0 37298 2.0 55016 1.0 143008 1.0 210809 1.0
50875 
50906 8206 1.0 62775 1.0 126356 1.0
51413 
51430 
51451 5945 1.0 92657 1.0
51548 102463 2.0 357722 1.0
51559 14327 1.0 14851 1.0
51561 
51647 2300 1.0 52725 2.0 590963 1.0
51729 55494 3.0
51939 8093 1.0 156720 2.0
51946 
52161 
52321 249975 2.0
52356 4266 1.0 4516 1.0
52654 
52655 
52700 
52711 
52722 
52725 2300 1.0 51647 2.0 58674 1.0 76211 1.0 225276 1.0 590963 5.0 958935 1.0
52781 21136 2.0 27235 1.0 37896 1.0 48003 3.0 104848 1.0 121140 1.0 124943 3.0 150377 1.0 184668 1.0 241600 1.0 376855 1.0
53329 
53330 3992 2.0 241600 1.0
53655 
53665 
53824 50705 1.0
53867 
53885 
53923 35389 1.0
53984 76258 1.0
53995 58999 1.0 109009 1.0
54176 54202 1.0
54202 54176 1.0
54323 
54365 958935 1.0
54412 4256 1.0 26475 1.0 96098 12.0 141715 1.0 478469 4.0
54489 
54548 
54549 
54642 34617 1.0 256190 1.0
54644 
54645 
54786 81561 1.0
54811 
55016 21747 4.0 25291 2.0 38397 1.0 41511 2.0 50834 1.0 223920 2.0
55333 
55418 
55447 109325 2.0
55494 51729 3.0
55502 6139 1.0 28826 2.0
55598 13880 1.0
55673 
55776 
55793 
55794 
55883 2849 3.0 20675 1.0
56392 
56426 40173 1.0 79837 1.0
56487 
56513 
56718 
56836 184414 1.0
57000 7692 1.0 16282 1.0 16536 1.0 25164 1.0 81558 4.0 104848 1.0 121606 1.0
57504 28826 1.0 186833 1.0
57562 44326 2.0
57723 9092 1.0 107238 1.0 328734 1.0
57957 42282 1.0 115905 1.0 616543 1.0 826422 1.0
58310 
58512 
58674 37682 1.0 52725 1.0 76211 1.0 81700 1.0 81701 2.0 225276 1.0 270614 6.0 590963 1.0 958935 1.0
58733 205474 1.0
58999 53995 1.0 109009 1.0 414632 1.0
59030 
59046 114684 1.0
59091 
59206 14893 1.0 135794 1.0
59234 
59506 29518 1.0 458437 2.0
59977 
60089 
60139 275325 1.0 657425 1.0
60146 10285 2.0
60207 
60273 37558 1.0
60274 
60616 
60704 242683 1.0 403903 1.0
60706 
60945 
60980 
61150 
61343 
61498 112120 2.0 132927 1.0 386152 1.0 386528 1.0
61696 
61824 44563 1.0 45712 1.0 126811 1.0
61825 
61827 
62563 
62593 
62618 
62665 
62775 8206 1.0 50906 1.0 126356 1.0
62928 23203 1.0 123011 1.0
63265 
63412 
63643 
63690 
63697 79885 2.0 219675 1.0
63701 226311 1.0
63717 87 1.0 82044 2.0
64433 
64641 
64674 
64862 
64894 
65015 
65060 
65061 
65140 169384 1.0
65242 
65362 
65543 
65566 37380 1.0 65568 3.0 104350 1.0
65567 65568 1.0
65568 37380 1.0 65566 3.0 65567 1.0 104350 1.0
65767 
66342 150077 1.0
66405 
66407 
66504 
66509 
66534 
66535 
66635 
66729 
66866 
66950 
67054 
67680 
67798 121140 1.0
67963 791 1.0 35444 1.0
68042 
68083 8766 2.0 19086 1.0 19219 1.0 42520 2.0 269772 1.0 450328 1.0
68169 40173 1.0
68180 92331 1.0
68265 
68570 
68840 
68901 
69209 
69248 
69249 
69339 69342 2.0
69341 
69342 69339 2.0
69343 
69375 
69538 
69642 
69781 123011 1.0
69944 
69959 227896 1.0
69960 20795 1.0 69961 3.0 346050 1.0
69961 20795 1.0 69960 3.0 346050 1.0
70093 
70549 
70853 
70901 2171 1.0 730481 2.0
70946 
71260 
71371 
71633 
71656 
72020 
72271 
72278 
72620 
72685 158361 2.0 223298 1.0 421339 2.0
73005 
73031 
73032 144562 1.0
73176 112209 2.0
73330 4489 1.0
73375 7757 1.0
73393 6139 1.0 39374 1.0
73395 
73427 
73471 
73635 
73678 4504 1.0 25294 1.0 37896 1.0 50654 1.0 144313 2.0 490813 1.0
73688 
73734 
73996 10450 2.0 20797 1.0 104771 1.0
74021 
74184 20789 1.0
74207 
74220 
74377 423336 1.0
74599 97536 1.0
74628 
74686 79725 3.0 148852 2.0
74801 19086 1.0 19220 1.0 28677 1.0 350603 1.0
74839 
75277 
75369 
75387 
75393 30842 1.0
75937 28161 1.0
76000 
76012 
76211 52725 1.0 58674 1.0 80550 2.0 225276 1.0 590963 1.0 958935 1.0
76258 10223 1.0 35785 1.0 53984 1.0
76627 
76711 
76756 
76797 25367 1.0
76798 
77128 
77559 
77961 
78144 
78436 
78675 
78726 
78806 
79022 
79345 338299 1.0
79643 
79707 
79709 
79725 25507 1.0 74686 3.0 148852 2.0
79730 87 1.0 7195 1.0 37682 1.0
79821 
79837 56426 1.0
79885 63697 2.0 219675 3.0
79914 
80050 
80227 40967 1.0
80385 
80402 5268 2.0
80550 76211 2.0
80571 
80572 
80698 
80735 103111 1.0
80749 275325 1.0 423610 1.0
81035 
81300 
81372 48181 1.0
81532 48003 1.0 211088 1.0
81558 3992 2.0 30842 3.0 41892 1.0 57000 4.0 104848 1.0 120603 1.0 389656 2.0
81561 54786 1.0 187585 1.0
81597 
81629 92637 1.0 99924 2.0
81630 9324 1.0 41892 1.0
81645 30017 1.0
81700 58674 1.0 81701 1.0
81701 10327 1.0 58674 2.0 81700 1.0 270614 1.0
81919 18813 1.0 28677 5.0 245385 1.0 522832 1.0
81944 791 1.0
81989 36641 1.0
82044 37688 3.0 63717 2.0 146080 1.0
82045 
82063 
82064 
82118 
82349 
82403 
82432 378988 1.0
82466 32760 1.0
82530 2176 1.0 37044 1.0
82672 37836 1.0 38996 1.0
82885 
83124 
83229 
83493 
83779 
83828 205474 1.0
84892 
84916 34233 2.0 295223 3.0
84966 84967 2.0
84967 84966 2.0
85032 85033 1.0
85033 85032 1.0
85341 142372 1.0
85468 
85573 
85663 
86070 
86107 
86232 
86296 18261 2.0
86519 
86655 
86656 16147 1.0 18401 1.0
86946 11318 1.0 30296 1.0
87046 
87244 
87312 4516 1.0
87610 8609 1.0 50733 2.0 114022 1.0 530409 5.0
87679 87681 4.0 87682 4.0
87681 87679 4.0 87682 4.0
87682 87679 4.0 87681 4.0
87787 
88115 
88339 10758 1.0 433623 2.0
88713 
88817 
88872 
88939 
89031 18895 1.0
89604 
89632 
89942 27235 2.0
90032 48003 1.0 188770 1.0
90457 
90808 
90809 
91021 
91032 
91240 112085 1.0
91478 
91654 
91728 
91850 
91917 32546 1.0
92331 68180 1.0
92341 
92388 200056 1.0
92409 22984 1.0
92593 
92594 
92637 81629 1.0
92657 51451 1.0
92866 161808 1.0
92876 
93092 
93159 
93303 
93604 
93713 
93783 
93854 
93866 157397 2.0
94100 
94174 163108 1.0
94318 
94324 
94741 
95265 667 1.0 153192 1.0
95752 
95774 
95775 
95793 25294 1.0 291060 1.0 376855 9.0 578403 8.0
95868 20450 3.0 24479 1.0
95913 
95966 
96098 26475 1.0 54412 12.0
96493 
96577 
96734 36023 1.0 176859 1.0 194277 1.0
97007 9100 1.0
97009 177369 1.0 351515 1.0
97133 
97521 
97536 74599 1.0
97637 4221 2.0 48181 1.0 100341 1.0
98376 
98418 9158 1.0
98597 
98866 
98938 
99032 
99140 3161 1.0
99197 
99448 34156 1.0
99514 7981 1.0
99694 43670 2.0
99924 87 1.0 18813 1.0 81629 2.0
99976 
100037 
100097 
100319 
100341 97637 1.0
100442 
100676 423336 1.0
101195 
101642 
102023 30296 1.0
102207 
102463 51548 2.0
102526 18923 1.0 183691 2.0 211088 1.0
102578 33342 1.0 33452 1.0
102796 2184 1.0 7281 1.0
102832 29876 1.0 219103 2.0
102910 
103029 
103064 
103079 
103111 80735 1.0
103545 
103622 
103706 
103744 
103758 
104216 
104350 37380 1.0 65566 1.0 65568 1.0
104738 322126 2.0
104771 20797 3.0 73996 1.0
104848 7596 1.0 10327 1.0 19220 1.0 32760 1.0 48003 1.0 52781 1.0 57000 1.0 81558 1.0 184668 1.0 517972 1.0
105056 
105107 
105166 5945 1.0 428064 2.0
105168 
105354 
105396 
105450 9437 1.0 40173 1.0
105577 44359 2.0
105987 46164 1.0
106073 
106188 376855 1.0 403903 1.0
106226 262886 1.0
106679 
107231 
107238 57723 1.0 328734 1.0 354517 1.0
107304 
107557 
107690 8766 3.0 112156 1.0
107748 
107856 
107915 
107922 
107930 
108304 
108565 
108758 
108760 16284 3.0
108792 25265 3.0 554287 3.0
109009 53995 1.0 58999 1.0
109325 55447 2.0
109447 19223 1.0
109499 
109570 
109618 
109730 
109785 
110436 
110705 
110979 
111273 
111894 
112085 91240 1.0 843250 2.0
112120 61498 2.0 386152 1.0 386528 1.0
112156 8766 1.0 107690 1.0
112209 73176 2.0
112210 
112244 
112472 
113353 34156 1.0
113509 
113723 13626 2.0
114022 667 1.0 87610 1.0 144959 1.0
114213 9375 1.0 50346 3.0 147268 1.0
114684 59046 1.0 301082 1.0 362408 1.0
114924 
115416 671639 1.0
115698 
115905 42282 2.0 57957 1.0 304807 1.0
116305 
116683 
117598 50705 1.0
117923 15956 1.0 25346 1.0 145574 1.0 426073 1.0
118336 
118347 118429 1.0
118429 5119 1.0 118347 1.0 162204 1.0
119272 
119406 
119887 
120240 
120567 32989 1.0
120603 81558 1.0 199699 1.0
120980 
121140 37836 1.0 52781 1.0 67798 1.0
121300 
121364 
121497 
121566 
121584 
121605 9092 5.0 13758 1.0 29518 3.0 376061 9.0
121606 16536 2.0 25164 1.0 57000 1.0
121627 49558 1.0 426881 1.0
121760 10223 1.0
122107 
122649 
122799 
122961 177369 1.0
123011 62928 1.0 69781 1.0
123051 266194 1.0
123078 37682 1.0 37918 1.0
123663 
123810 
124215 
124943 52781 3.0
125197 
126352 
126356 8206 3.0 50906 1.0 62775 1.0
126811 61824 1.0
128296 
128302 
128334 
128391 
128753 
128869 3992 1.0 6714 1.0 10102 1.0 21191 1.0 25891 1.0 27235 1.0 50809 1.0 210810 1.0 224918 1.0 319455 1.0
128885 
129309 5452 1.0
129403 
129673 3190 1.0
129690 
129832 
129931 
129978 
130432 
130573 
130808 
131373 
131591 25346 1.0 145574 1.0 253958 4.0 267695 1.0 426073 1.0
131851 25346 1.0 145574 1.0 426073 1.0
132213 12863 1.0
132415 
132568 569727 1.0
132819 
132821 
132887 
132927 61498 1.0
133294 
133331 
134201 14851 1.0
134235 
134985 
135162 
135191 35608 1.0
135226 
135751 
135794 4274 1.0 44563 1.0 59206 1.0
136176 
136207 
137348 
137428 32189 6.0 38149 2.0 40262 1.0 223671 1.0
138772 
138778 6106 1.0
140112 
140992 
141300 
141519 50654 1.0
141534 
141715 54412 1.0
141830 
142372 85341 1.0
143008 50834 1.0
143275 43466 2.0
143300 
143310 
143425 
143427 
143579 
143674 
143763 
143891 154996 1.0 555531 1.0
144313 13747 1.0 73678 2.0
144473 
144562 73032 1.0
144579 
144716 14302 1.0 182857 1.0
144958 
144959 3394 1.0 114022 1.0 507201 1.0
145106 
145574 1524 1.0 5410 2.0 15956 1.0 25346 8.0 117923 1.0 131591 1.0 131851 1.0 169540 1.0 267695 3.0 426073 6.0
145822 32989 2.0 326999 2.0
145900 
146080 82044 1.0
146659 15423 1.0
146816 
146945 
146946 
147096 
147268 9375 2.0 33719 1.0 114213 1.0 622034 1.0
147269 29518 1.0 30017 1.0 150077 6.0 183691 2.0 235582 1.0
147346 
147347 
147454 
147565 168955 1.0
148434 
148757 
148840 
148848 
148852 74686 2.0 79725 2.0
149348 5467 4.0
149448 
149473 
149552 39142 1.0
149820 
149827 
150077 29518 1.0 66342 1.0 147269 6.0
150377 37918 1.0 52781 1.0
150711 18813 1.0
151326 
151865 
152136 383982 1.0
152350 
152862 
153192 5452 1.0 12730 2.0 95265 1.0
153868 
154996 8236 1.0 143891 1.0 343567 1.0
155187 
155301 40262 1.0 40327 1.0 173556 1.0
155490 37810 3.0 195048 1.0 270597 1.0
155792 
156049 
156051 30983 1.0
156335 1598 1.0 208408 1.0
156720 40327 1.0 51939 2.0 203402 2.0
156859 
156910 
157193 
157378 
157397 93866 2.0 251761 1.0
157417 
157787 
157907 
157968 253958 1.0
158016 
158361 15043 1.0 72685 2.0 347014 2.0 421339 8.0 460550 1.0
158362 
158541 
158572 
158738 
159358 
159383 5410 2.0
159450 
159484 
159775 
160006 
160164 
160556 350603 2.0
160560 2494 1.0 49489 1.0
160926 37810 2.0
160955 37381 1.0 394675 2.0
161333 18634 1.0
161367 
161808 92866 1.0
162078 
162204 118429 1.0
162703 
162824 466652 1.0
163108 759 1.0 94174 1.0 313393 1.0
163355 
163379 
163405 198534 2.0 232500 1.0
163845 15072 1.0
163867 
164389 
165010 
165333 
165598 289946 1.0
165710 
165714 
165716 
166063 9965 1.0
166733 
166767 
167004 7757 2.0 7857 2.0
167259 
167514 
167924 
168036 3010 1.0
168037 
168661 
168709 
168955 147565 1.0 257328 1.0
169384 13625 1.0 65140 1.0
169540 181 1.0 5410 1.0 9437 1.0 25346 1.0 25507 1.0 145574 1.0 267695 1.0
170380 
170402 
170993 
172390 
172578 
172910 16536 2.0 25164 1.0 252348 1.0 375885 1.0
173389 
173390 
173556 155301 1.0
173603 
174230 
174410 
174456 
174505 
174694 
175675 175839 1.0
175754 
175839 175675 1.0
175998 
176859 36023 1.0 96734 1.0 194277 1.0
176933 
177300 
177369 97009 1.0 122961 1.0 351515 2.0
177680 
178233 
179016 
179078 
179741 
180680 
181166 
181577 15223 1.0
181646 
182283 
182284 50809 1.0
182857 14302 1.0 144716 1.0
183372 
183691 5268 3.0 18923 1.0 102526 2.0 147269 2.0
183967 5815 3.0
184057 
184090 
184095 
184414 56836 1.0
184422 
184668 48003 1.0 52781 1.0 104848 1.0 466540 1.0
184670 2200 1.0 33923 1.0
185744 
186695 
186711 
186833 57504 1.0
186895 
187141 
187585 81561 1.0
188266 37810 2.0
188414 
188770 90032 1.0
188900 
189113 
189672 650640 1.0
189748 242118 1.0 330845 1.0
189763 
189848 977 1.0
189902 
189943 7195 2.0
191491 
191596 
191605 28161 1.0
192225 25291 1.0
192348 
192402 
193068 
193478 
193925 
194137 
194277 36023 1.0 96734 1.0 176859 1.0
194485 
194730 
195048 14474 1.0 34156 1.0 155490 1.0 270597 1.0
195600 
196174 10259 1.0 15159 1.0
197014 
197442 
197530 14893 1.0 794766 1.0
197567 610612 1.0
198115 198117 1.0 376463 1.0
198117 198115 1.0 376463 1.0
198142 2200 1.0 25891 1.0 29099 1.0 32707 1.0
198368 40173 1.0
198385 322126 1.0
198518 343567 2.0
198534 163405 2.0 232500 1.0
198676 
198889 12958 1.0 198890 1.0 198891 1.0 290323 1.0 315891 1.0
198890 12958 1.0 198889 1.0 198891 1.0 290323 1.0 315891 1.0
198891 12958 1.0 198889 1.0 198890 1.0 290323 1.0 315891 1.0
199699 120603 1.0
199706 226311 1.0 256450 5.0
199912 
199933 
200056 92388 1.0
200444 
201015 
201235 
203074 3993 2.0
203402 156720 2.0
203539 
203650 
203846 4274 1.0 13650 1.0
204132 
204513 
205126 
205474 58733 1.0 83828 1.0
205481 
205662 
205709 
206235 
206256 2171 1.0 730481 1.0
206756 
207034 
207911 251871 8.0 365406 1.0
208408 156335 1.0
210809 37298 1.0 50834 1.0
210810 25891 2.0 128869 1.0 225527 1.0
211088 48003 1.0 81532 1.0 102526 1.0 219898 1.0
211251 588975 1.0
211718 
212101 
212842 
212843 
214439 7309 1.0 288850 1.0
214993 
215040 
215702 
216276 
216513 
217206 
217648 
218178 
219103 29876 1.0 102832 2.0
219116 
219675 63697 1.0 79885 3.0
219898 211088 1.0
220371 
221822 
221928 277315 1.0
221943 
222170 
222171 880527 1.0 880528 1.0
222565 
223298 72685 1.0
223671 137428 1.0
223748 
223920 55016 2.0
223954 401061 1.0
224325 
224908 
224918 128869 1.0
225257 241600 1.0
225276 52725 1.0 58674 1.0 76211 1.0 590963 1.0 958935 1.0
225285 
225527 210810 1.0
226311 63701 1.0 199706 1.0 559417 1.0
227282 
227518 30634 1.0
227608 
227741 
227852 242683 1.0 327030 1.0
227896 69959 1.0
228320 
228352 
228589 
230942 
231966 
232199 
232500 163405 1.0 198534 1.0
233577 293255 1.0
234599 
234911 394675 1.0 558503 2.0
235113 
235562 
235582 19219 1.0 31259 1.0 147269 1.0 313057 1.0
236785 
238082 
239761 
240140 14880 1.0
241600 52781 1.0 53330 1.0 225257 1.0 390353 1.0 426996 1.0
242118 4929 1.0 5441 1.0 14893 1.0 189748 1.0 330845 2.0 431049 1.0
242273 
242683 10233 1.0 25891 1.0 37896 1.0 42019 3.0 60704 1.0 227852 1.0 389656 2.0 403903 1.0
244617 
244728 269727 1.0
244830 37688 1.0 37836 1.0
245301 31490 1.0
245385 28677 1.0 81919 1.0
245789 
246714 36641 1.0 401061 1.0
249670 531227 1.0
249975 3127 1.0 52321 2.0 464535 1.0
250270 
250607 
250850 
251736 
251761 157397 1.0
251871 207911 8.0 365406 1.0
252348 12730 1.0 15223 1.0 16536 3.0 25294 1.0 29518 1.0 172910 1.0 375885 1.0
252958 
253161 
253223 40653 2.0
253958 131591 4.0 157968 1.0
255824 25329 1.0
256190 54642 1.0
256450 37419 1.0 199706 5.0
257328 4487 1.0 168955 1.0
259751 2482 1.0
261409 
261883 262826 1.0
262289 29876 1.0
262776 
262826 261883 1.0
262886 106226 1.0
264470 5312 1.0
264795 
265022 
265788 
265808 
266194 39374 1.0 40191 4.0 123051 1.0 270943 1.0
266853 39765 1.0
267695 1524 1.0 5410 1.0 25346 3.0 131591 1.0 145574 3.0 169540 1.0 426073 1.0
268928 
269660 
269661 5003 2.0
269727 244728 1.0
269771 28677 1.0 40597 1.0 42520 1.0
269772 42520 1.0 68083 1.0
270523 394675 2.0
270594 
270597 25219 1.0 155490 1.0 195048 1.0
270614 37682 1.0 58674 6.0 81701 1.0
270943 10327 1.0 266194 1.0
271378 
272171 
272212 
272221 
272238 
272270 
272356 
272693 
273008 
273432 
274001 
275259 
275325 13210 4.0 60139 1.0 80749 1.0
277275 
277315 221928 1.0
277535 
278606 
278713 
280140 20602 1.0
283877 
284394 
288850 214439 1.0
289448 
289946 165598 1.0
290102 
290323 12958 1.0 198889 1.0 198890 1.0 198891 1.0 315891 1.0
290843 
291060 95793 1.0 376855 1.0 578403 1.0
291232 
293255 30983 1.0 37896 1.0 233577 1.0 535549 2.0
293582 32356 3.0
293974 
294172 
294219 
294286 
294814 
295133 13758 1.0 39374 3.0
295223 34233 2.0 84916 3.0
296416 493850 1.0
296619 
297176 49718 2.0
297867 
300850 
301052 
301082 114684 1.0
301113 18634 2.0 40173 1.0
301816 
302469 
303166 
303712 
304329 
304807 42282 1.0 115905 1.0 389674 1.0
305557 
306762 
306832 
309444 
312603 
313057 19219 1.0 235582 1.0
313393 163108 1.0
313431 44391 1.0
315891 12958 1.0 198889 1.0 198890 1.0 198891 1.0 290323 1.0
316572 
317305 
318007 
319455 4505 1.0 128869 1.0
321302 
322126 104738 2.0 198385 1.0
324571 
325273 
325280 
326505 25891 2.0 41892 3.0
326929 
326999 32989 3.0 145822 2.0
327030 749 1.0 6582 1.0 25294 1.0 227852 1.0 389674 1.0
327088 
328734 57723 1.0 107238 1.0
329507 19084 1.0
330845 189748 1.0 242118 2.0
331254 
335103 
336857 
338066 
338299 79345 1.0
343567 154996 1.0 198518 2.0
343884 
343919 
344578 
344595 
344842 
346050 20795 1.0 69960 1.0 69961 1.0
347014 158361 2.0 421339 2.0 460550 1.0
347234 
347490 
348174 33342 1.0
349167 
350603 33431 1.0 74801 1.0 160556 2.0
351271 423610 1.0
351515 30296 1.0 97009 1.0 177369 2.0
351883 
351896 
354517 107238 1.0
354633 
356194 
356291 
356325 
357109 16149 1.0
357149 7974 1.0
357722 51548 1.0
358319 977 1.0
358398 
358752 
359655 
360256 
362311 
362408 114684 1.0
362769 14327 1.0 14851 2.0
363343 
363910 
365406 207911 1.0 251871 1.0
365700 
365788 
366065 
367123 
367799 
368615 91 1.0
370657 14302 2.0
371141 
371218 
372871 
374781 
375162 
375885 12730 1.0 16536 2.0 21191 1.0 29518 1.0 40262 1.0 41888 1.0 172910 1.0 252348 1.0 552554 2.0
376061 9092 3.0 29518 3.0 121605 9.0
376463 198115 1.0 198117 1.0
376824 
376855 28826 1.0 37896 1.0 48003 1.0 52781 1.0 95793 9.0 106188 1.0 291060 1.0 578403 11.0
377548 
378093 
378988 82432 1.0
382209 
382235 
382546 
383463 
383982 152136 1.0
386135 
386152 61498 1.0 112120 1.0 386528 1.0
386443 
386528 61498 1.0 112120 1.0 386152 1.0
387078 
387948 
389656 3992 5.0 5452 1.0 10186 1.0 18634 1.0 28677 1.0 42019 3.0 42520 4.0 81558 2.0 242683 2.0 522830 1.0 583800 1.0
389674 304807 1.0 327030 1.0
390294 
390353 241600 1.0
390625 
391134 
391389 38531 2.0 40173 1.0
391523 21222 1.0
391622 
392855 39525 4.0
394675 160955 2.0 234911 1.0 270523 2.0 558503 1.0
400266 
401061 223954 1.0 246714 1.0
401561 
402282 
402430 
403903 60704 1.0 106188 1.0 242683 1.0
408084 25294 2.0
413250 24479 3.0
414632 37291 1.0 58999 1.0
416517 
417896 
419316 11714 1.0 25329 1.0 37836 1.0 488489 1.0
419526 25183 1.0
420272 
421339 15043 1.0 72685 2.0 158361 8.0 347014 2.0 460550 1.0
423336 74377 1.0 100676 1.0
423610 30842 1.0 80749 1.0 351271 1.0
426073 5410 1.0 15956 1.0 25346 7.0 117923 1.0 131591 1.0 131851 1.0 145574 6.0 267695 1.0
426375 
426881 955 1.0 4256 1.0 7195 1.0 14893 1.0 18619 1.0 27235 1.0 27243 1.0 49558 1.0 121627 1.0
426996 241600 1.0
428064 5945 1.0 105166 2.0
429894 
430104 6558 1.0
431049 14893 1.0 242118 1.0
433623 88339 2.0
435131 
436421 
439174 
440170 
445047 
445293 11700 1.0
445880 
446030 
446031 20789 2.0
449548 
450328 6139 1.0 19086 1.0 19219 2.0 68083 1.0
451675 
456291 
457361 
457981 
458437 59506 2.0
458622 
459063 8129 1.0
460550 158361 1.0 347014 1.0 421339 1.0
464535 249975 1.0
466526 
466540 184668 1.0
466652 162824 1.0
468508 6805 1.0 40518 1.0
470913 
478469 54412 4.0
487012 
488489 11714 1.0 419316 1.0
490741 
490813 73678 1.0
491003 
491504 
493850 44326 1.0 296416 1.0
495491 24479 1.0
496813 
504963 15072 4.0
507201 144959 1.0
507832 
508057 
511540 
513679 
513773 
513855 
514517 
515313 
517210 
517972 104848 1.0
520285 
522569 
522830 42520 2.0 389656 1.0
522832 28677 2.0 30017 1.0 81919 1.0
523624 
524474 
530409 87610 5.0
531227 249670 1.0
535549 293255 2.0
535580 535581 3.0
535581 535580 3.0
535594 8609 1.0 9965 1.0 12730 2.0
537987 
538556 26376 1.0
540484 
540949 40967 1.0
541943 32707 2.0
542893 
543758 
548368 45830 2.0
552554 8236 1.0 16536 1.0 375885 2.0
554287 25265 3.0 108792 3.0
555531 30842 1.0 143891 1.0
557511 
558464 
558503 234911 2.0 394675 1.0
559417 25891 6.0 226311 1.0
562316 
564213 
564486 30343 1.0
569537 
569727 132568 1.0
573761 37682 1.0
575676 8236 1.0
576643 
576869 18619 1.0
578403 95793 8.0 291060 1.0 376855 11.0
578835 
583800 389656 1.0
585332 
588828 9639 1.0 37836 1.0
588975 211251 1.0
590963 2300 1.0 51647 1.0 52725 5.0 58674 1.0 76211 1.0 225276 1.0 958935 1.0
591856 
593661 
596265 
601241 
608480 
609701 21196 2.0
610612 197567 1.0
614342 
616543 57957 1.0 826422 5.0
618340 
618342 
622034 33719 1.0 147268 1.0
633992 
635532 
640593 
640906 
647982 
650640 189672 1.0
655198 
657425 60139 1.0
663289 
665601 
671639 7501 1.0 115416 1.0
675209 
678189 38149 3.0
730481 2171 5.0 2246 2.0 20675 1.0 21030 1.0 70901 2.0 206256 1.0
733030 
734253 21222 2.0
744305 
748413 
748906 
770784 25507 1.0
789629 
794766 14893 1.0 197530 1.0 875538 2.0
796010 
826422 57957 1.0 616543 5.0
843250 112085 2.0
875538 794766 2.0
880527 222171 1.0 880528 1.0
880528 222171 1.0 880527 1.0
880870 
914564 
937809 
941650 
958935 52725 1.0 54365 1.0 58674 1.0 76211 1.0 225276 1.0 590963 1.0
1238998 
1263986 
1434303 
1684818 
1947141 
