87 13747 3.0 25891 2.0 48029 2.0 63717 1.0 79730 1.0 208408 1.0
91 2482 1.0 40672 4.0 195048 1.0 368615 1.0
100 
103 
181 191605 1.0
259 
260 
457 
656 
667 33719 1.0 87610 1.0 114022 1.0
749 87787 1.0 198142 1.0
759 163108 3.0
791 35444 2.0 67963 1.0 81944 3.0
807 
808 
848 45604 2.0
879 
953 
955 49558 1.0 198518 1.0 343567 2.0
977 60274 1.0 293255 1.0
989 
1018 
1524 
1584 21003 2.0 35608 1.0
1588 7280 1.0 23451 3.0 262776 1.0
1593 9950 1.0
1598 96577 1.0
1776 75277 1.0 318007 1.0
1864 
1919 
2150 39374 1.0
2171 
2176 15072 1.0 163845 1.0
2181 
2184 44170 1.0
2200 
2204 2246 1.0 16235 1.0 44301 1.0 57957 1.0 70901 1.0 81629 1.0 82045 1.0 82466 2.0 189113 1.0 197567 1.0 206256 1.0 466526 1.0 733030 1.0 914564 1.0 941650 1.0
2246 2204 1.0 37171 2.0 44301 3.0 70901 1.0 189113 2.0 197567 3.0 206256 3.0 402430 1.0 466526 3.0 490741 2.0 733030 3.0 914564 3.0 941650 3.0
2300 33923 1.0 37896 1.0
2455 
2460 
2482 91 1.0 4274 1.0 5207 2.0 35111 1.0
2494 12863 1.0
2517 
2534 189113 1.0
2558 
2580 18959 1.0 33402 1.0
2582 
2587 18835 1.0
2800 
2849 20675 3.0 44326 1.0 55883 4.0 57562 1.0 120980 1.0 205709 1.0
2862 
2863 
2867 50654 1.0 128869 1.0
2953 
2955 
3010 22990 1.0
3042 
3127 
3161 336857 1.0 383463 1.0
3190 
3213 
3343 
3373 3375 1.0 129978 2.0 149552 1.0
3375 3373 1.0 3376 1.0 18455 1.0 129978 2.0
3376 3375 1.0
3394 3992 1.0 37688 1.0 42019 1.0
3432 
3441 16147 1.0
3631 
3988 
3992 3394 1.0 58674 1.0 81532 1.0 194137 1.0
3993 
4221 37682 1.0 43517 1.0 48181 1.0 97637 2.0 199699 1.0 208408 1.0
4256 70093 1.0
4266 40173 2.0
4274 2482 1.0 173556 1.0 266194 1.0
4291 
4447 
4467 
4473 
4474 
4480 105107 1.0
4487 
4489 73330 1.0
4499 
4500 9639 1.0 15949 1.0
4504 4505 1.0 13747 1.0 73678 4.0 102526 1.0 366065 1.0
4505 4504 1.0 73678 1.0 319455 1.0
4516 
4529 88872 1.0
4533 91917 1.0
4546 
4549 45604 2.0
4556 
4561 
4678 
4697 
4718 
4737 
4768 
4904 5945 1.0 46100 2.0
4928 
4929 242118 1.0
4969 
4997 
4998 
5003 44712 1.0 269661 1.0
5119 128753 1.0 130432 1.0
5150 
5159 
5207 2482 2.0 90808 1.0
5250 30923 1.0
5268 5452 1.0 16235 2.0 18923 1.0 112244 2.0
5285 
5312 104848 1.0 264470 1.0
5410 37418 1.0 517210 1.0
5441 
5452 5268 1.0 30343 1.0 49665 1.0 57000 1.0 223671 1.0 389656 2.0
5467 149348 1.0
5517 
5709 
5815 22984 1.0 183967 2.0
5834 
5910 
5945 4904 1.0
6068 
6098 106679 1.0 197442 1.0
6106 
6139 39374 1.0 73393 1.0
6143 
6186 
6361 
6380 
6460 
6462 
6477 
6558 80385 1.0 430104 1.0
6582 29067 1.0 356194 1.0
6595 33719 1.0
6714 25294 1.0
6756 82672 1.0 141519 1.0
6805 
6962 40262 1.0 48003 1.0
6981 
6984 
7039 
7195 189943 2.0 426881 1.0
7231 
7280 1588 1.0 23451 1.0 36267 2.0 129673 1.0
7281 9132 2.0 26092 1.0
7309 214439 2.0
7337 
7501 140992 1.0 671639 1.0
7550 50733 1.0 107690 1.0
7559 7792 1.0
7596 38149 1.0 39659 1.0 184668 2.0
7608 
7620 435131 1.0
7647 9872 2.0 25891 1.0 559417 1.0
7691 
7692 41892 1.0
7757 7857 1.0 73375 2.0
7766 
7781 7792 1.0 107557 1.0
7786 
7792 7559 1.0 7781 1.0
7857 7757 1.0 73375 2.0
7921 
7926 
7974 
7981 
8057 25891 1.0 38996 1.0 81989 4.0 105450 1.0
8093 18835 1.0 18849 1.0 293255 1.0 770784 1.0
8129 
8206 
8214 
8236 16536 1.0 25164 3.0 40191 2.0 42520 1.0 57000 1.0 121606 2.0 375885 1.0 522830 1.0
8609 347490 2.0
8744 
8766 114213 1.0
8926 
8927 
8928 
9064 
9092 13758 1.0 16536 1.0 29518 1.0 37918 2.0 41892 1.0 57723 2.0 92409 1.0 295133 1.0 389656 1.0
9100 97007 1.0
9116 
9122 
9132 7281 2.0 26092 1.0
9135 
9158 81944 1.0
9261 9280 1.0 14771 2.0
9280 9261 1.0 14771 2.0
9324 
9375 25219 1.0 33923 1.0
9405 
9419 
9436 
9437 23451 1.0
9496 
9497 9643 1.0 74377 1.0
9579 
9613 
9633 59234 2.0
9639 4500 1.0
9643 9497 1.0 10102 1.0 18066 1.0
9645 
9662 
9701 
9709 
9711 
9715 
9741 
9757 
9769 33895 3.0 38868 1.0
9860 37896 3.0 59206 1.0 135794 1.0
9872 7647 2.0 66534 1.0
9877 
9950 1593 1.0
9960 
9965 
9994 33342 1.0
10014 
10100 
10102 9643 1.0 18066 1.0 27235 1.0 68083 1.0 102023 1.0
10186 
10196 
10223 197442 1.0
10233 38149 2.0 39374 1.0 163108 1.0
10235 
10259 15159 1.0 196174 1.0
10285 30745 3.0 31488 5.0
10303 
10327 148434 1.0 163108 1.0
10357 
10358 40191 1.0
10450 
10545 
10562 
10563 
10598 128869 1.0
10601 
10758 
11048 
11134 
11318 38149 1.0
11319 
11454 
11515 
11700 
11714 25507 1.0 39374 1.0 95793 1.0 293255 1.0 488489 1.0
11717 
12428 429894 1.0
12520 
12725 
12730 27235 3.0 57000 1.0 153192 1.0
12855 
12863 2494 1.0
12887 
12958 
12971 
13210 
13385 
13467 
13507 
13625 
13626 
13650 59206 1.0 135794 2.0 203846 1.0
13662 
13747 87 3.0 4504 1.0 376061 1.0
13758 9092 1.0
13880 
13908 
13942 
14217 
14223 
14264 
14301 
14302 
14327 
14474 92409 1.0 170993 1.0
14482 
14508 
14512 
14650 
14651 
14654 
14671 
14707 18261 1.0
14771 9261 2.0 9280 2.0 46164 1.0
14803 
14804 
14806 
14823 
14851 
14867 
14879 
14880 240140 1.0
14893 197530 1.0 794766 1.0 875538 1.0
14894 
15043 158361 1.0 421339 1.0 460550 1.0
15070 
15072 2176 1.0 163845 1.0
15159 10259 1.0
15193 
15223 266194 1.0 351883 1.0
15423 28677 1.0 33719 2.0 49665 1.0 73393 1.0 131851 1.0 146659 1.0 147268 1.0
15559 
15586 
15587 
15875 
15948 
15949 4500 1.0 41511 1.0
15956 37841 1.0 55016 1.0 150377 1.0 154996 1.0
15970 
16030 
16104 16105 1.0
16105 16104 1.0
16147 3441 1.0 118429 1.0 162204 1.0
16149 74599 1.0 357109 5.0
16151 
16222 
16223 
16224 
16235 2204 1.0 5268 2.0 112244 2.0
16280 
16282 35283 1.0 115698 1.0
16283 
16284 
16401 
16457 
16536 8236 1.0 9092 1.0 25164 1.0 28826 1.0 121605 1.0 147269 1.0 150077 1.0 183691 1.0 244728 1.0 252348 2.0 375885 1.0
16951 
17249 
17834 
17851 
17910 
17945 
18066 9643 1.0 10102 1.0 148757 1.0
18199 
18261 14707 1.0 86296 2.0
18265 
18400 
18401 
18418 25329 1.0 155187 1.0 426375 1.0
18455 3375 1.0 26952 1.0 39142 1.0 129978 1.0
18619 
18634 157968 1.0 203074 1.0 301113 2.0
18675 
18731 
18809 
18813 114213 1.0
18835 2587 1.0 8093 1.0 18849 2.0
18836 
18849 8093 1.0 18835 2.0
18880 21747 1.0 41511 1.0 55016 1.0
18895 
18923 5268 1.0
18959 2580 1.0 33402 1.0
18971 
19084 19086 1.0 68083 1.0 103079 2.0
19085 
19086 19084 1.0 19220 1.0
19088 
19132 
19195 
19209 38996 1.0
19210 
19219 235582 3.0 313057 1.0 450328 1.0
19220 19086 1.0
19223 30187 2.0
19457 
19534 
19761 
19921 
20450 45437 3.0 118347 1.0
20566 
20602 32989 1.0 145822 1.0 280140 1.0 326999 1.0
20638 
20675 2849 3.0 120980 1.0
20676 
20703 
20789 70853 2.0 74184 1.0 446031 9.0
20793 
20795 
20797 
21003 1584 2.0 35608 1.0
21030 
21136 
21159 
21160 
21191 37235 1.0 55016 1.0 223671 1.0 343567 1.0 522569 1.0
21196 
21221 
21222 234911 1.0 558464 1.0 734253 1.0
21318 
21319 
21429 
21497 
21519 
21746 
21747 18880 1.0 41511 6.0 55016 2.0 517972 1.0
21958 
21962 347014 1.0 378093 1.0
22078 28611 1.0
22093 235562 1.0 326929 1.0
22198 
22236 
22278 25164 1.0 375885 1.0
22372 
22733 
22962 
22984 5815 1.0 74377 1.0 92876 2.0
22990 3010 1.0
23088 39374 1.0 48525 1.0
23203 
23335 
23345 
23451 1588 3.0 7280 1.0 9437 1.0
23774 
23894 
23896 
24072 
24079 262289 1.0
24196 
24281 
24315 
24316 
24404 
24479 413250 1.0 495491 1.0
24550 
24602 
24665 
24693 
24938 
25164 8236 3.0 16536 1.0 22278 1.0 375885 1.0
25183 419526 1.0
25219 9375 1.0
25265 48184 1.0 108792 2.0 554287 2.0
25291 55016 1.0
25294 6714 1.0
25329 18418 1.0 26092 1.0 55016 1.0 255824 1.0 426881 1.0
25346 145574 4.0 426073 3.0
25367 390353 1.0 426996 1.0
25471 
25507 11714 1.0 29067 1.0 158362 1.0
25572 
25711 
25834 
25890 
25891 87 2.0 7647 1.0 8057 1.0 29099 1.0 32707 1.0 41892 1.0 198142 1.0 210810 1.0 326505 3.0 559417 5.0
26092 7281 1.0 9132 1.0 25329 1.0 351883 2.0
26105 
26293 
26376 26377 2.0 538556 1.0
26377 26376 2.0
26475 
26731 
26821 
26830 
26838 
26877 37896 1.0 293255 2.0
26952 18455 1.0 39142 1.0
27063 
27082 
27234 
27235 10102 1.0 12730 3.0 30343 1.0 37896 1.0 81989 1.0 89942 2.0 149473 1.0 198518 1.0 244728 1.0
27243 30296 1.0 50875 1.0
27335 
27336 65767 1.0
27390 
27640 
28161 
28163 28164 3.0
28164 28163 3.0
28165 
28185 
28338 
28570 
28571 
28609 
28611 22078 1.0
28644 
28668 
28677 15423 1.0 40597 1.0 57504 1.0 63701 1.0 74801 3.0 81919 3.0 252348 1.0 269727 1.0 389656 2.0
28694 41888 1.0
28826 16536 1.0 57504 1.0 376855 1.0
28840 
29067 6582 1.0 25507 1.0 356194 1.0
29099 25891 1.0 32707 2.0 198142 2.0 226311 2.0
29237 
29286 
29486 
29518 9092 1.0 59506 1.0 121605 1.0 150077 2.0
29876 
30016 107238 3.0 328734 3.0
30017 
30138 
30187 19223 2.0
30296 27243 1.0 81561 1.0 186833 1.0 198385 1.0
30342 
30343 5452 1.0 27235 1.0 42520 1.0 68083 1.0
30381 
30405 
30632 86232 1.0 304329 1.0
30634 219103 1.0
30745 10285 3.0 31488 9.0
30757 
30842 459063 1.0
30843 
30883 
30923 5250 1.0 48029 2.0 535581 1.0
30983 293255 1.0 466540 1.0
31036 
31259 
31488 10285 5.0 30745 9.0 32076 1.0 32353 1.0
31489 
31490 
31763 
31942 
32076 31488 1.0 32353 1.0
32177 
32183 
32184 
32189 66407 1.0 137428 1.0 186833 1.0
32327 
32353 31488 1.0 32076 1.0
32356 
32470 
32546 91917 1.0 255824 1.0
32574 569727 1.0
32707 25891 1.0 29099 2.0 198142 2.0
32760 
32889 
32989 20602 1.0 145822 2.0 326999 2.0
33342 9994 1.0
33402 2580 1.0 18959 1.0
33431 
33442 
33452 
33508 
33719 667 1.0 6595 1.0 15423 2.0 37896 1.0 147268 4.0 622034 1.0
33828 272270 1.0
33895 9769 3.0 38868 1.0
33923 2300 1.0 9375 1.0
34156 97637 1.0 99448 1.0
34163 
34233 
34322 
34405 
34466 
34617 54642 1.0 235562 1.0
34678 
35110 
35111 2482 1.0 937809 1.0
35127 
35158 
35283 16282 1.0 115698 1.0
35389 182857 1.0
35413 
35429 
35444 791 2.0
35478 109009 1.0
35608 1584 1.0 21003 1.0 75393 1.0
35709 
35785 
35939 
36023 96734 2.0 176859 2.0 194277 2.0
36267 7280 2.0 129673 1.0
36621 
36625 
36641 81989 1.0
36689 
37044 
37171 2246 2.0 44301 2.0 189113 1.0 197567 2.0 206256 2.0 402430 1.0 466526 2.0 490741 2.0 733030 2.0 914564 2.0 941650 2.0
37234 
37235 21191 1.0 343567 1.0
37257 147096 1.0
37287 419316 1.0
37291 
37298 37836 1.0
37380 37381 4.0
37381 37380 4.0
37418 5410 1.0
37419 376855 1.0 578403 1.0
37451 
37558 
37561 
37682 4221 1.0
37688 3394 1.0 82044 2.0
37692 221822 1.0
37694 
37756 
37760 
37810 155490 3.0 160926 2.0 188266 1.0 265788 1.0
37836 37298 1.0 149827 1.0 192225 1.0
37841 15956 1.0 137428 1.0 159383 1.0 228589 1.0
37896 2300 1.0 9860 3.0 26877 1.0 27235 1.0 33719 1.0 52781 1.0
37918 9092 2.0 48181 1.0
37958 
37990 
38025 
38053 
38149 7596 1.0 10233 2.0 11318 1.0 39659 2.0 52781 1.0 137428 1.0
38323 
38397 
38531 99140 1.0 445880 1.0
38607 52781 1.0
38705 
38868 9769 1.0 33895 1.0
38904 
38978 
38996 8057 1.0 19209 1.0 81989 1.0 211088 1.0
39074 
39142 18455 1.0 26952 1.0 149552 2.0
39339 
39374 2150 1.0 6139 1.0 10233 1.0 11714 1.0 23088 1.0 225276 1.0
39525 105987 1.0 392855 1.0
39527 
39643 
39659 7596 1.0 38149 2.0 41511 1.0
39708 
39746 
39765 39766 3.0 147268 2.0 266853 1.0 622034 2.0
39766 39765 3.0 147268 2.0 622034 2.0
39858 
39979 
40086 
40168 
40173 4266 2.0 50809 1.0 391389 1.0
40191 8236 2.0 10358 1.0 266194 2.0
40262 6962 1.0 52781 1.0 255824 1.0
40284 
40285 
40301 
40327 156720 1.0 770784 1.0
40387 
40497 
40518 
40531 
40597 28677 1.0 57504 1.0 269727 1.0 389656 1.0
40606 417896 1.0
40653 40654 1.0 253223 4.0 391523 3.0
40654 40653 1.0
40672 91 4.0 56718 1.0
40803 
40941 
40967 
41148 
41511 15949 1.0 18880 1.0 21747 6.0 39659 1.0 535581 1.0
41537 
41806 55447 2.0
41888 28694 1.0 128869 1.0
41892 7692 1.0 9092 1.0 25891 1.0 81558 2.0 326505 3.0 389656 1.0
41950 
42019 3394 1.0 242683 2.0
42032 
42038 
42089 
42108 
42145 
42157 
42282 115905 1.0 304807 1.0
42383 
42520 8236 1.0 30343 1.0 68083 1.0 389656 2.0 522830 4.0 583800 1.0
42728 
42875 
43466 143275 1.0
43517 4221 1.0
43670 119406 1.0
43712 46232 1.0
43831 
44170 2184 1.0
44272 
44301 2204 1.0 2246 3.0 37171 2.0 70901 1.0 189113 2.0 197567 3.0 206256 3.0 402430 1.0 466526 3.0 490741 2.0 733030 3.0 914564 3.0 941650 3.0
44326 2849 1.0 57562 2.0 205709 1.0 493850 1.0
44359 
44391 
44399 
44469 
44479 
44563 
44573 
44574 
44576 
44664 
44712 5003 1.0
44783 
44961 
45182 
45437 20450 3.0 182857 1.0
45468 46232 2.0
45512 83493 1.0
45514 48835 2.0
45604 848 2.0 4549 2.0
45712 61824 1.0
45830 
46000 
46100 4904 2.0
46164 14771 1.0
46232 43712 1.0 45468 2.0
46342 
47025 
47165 
47543 
47606 
47696 87787 1.0
47990 
47991 
48003 6962 1.0 52781 1.0
48029 87 2.0 30923 2.0 79730 1.0 219898 1.0
48031 
48095 
48115 
48117 
48162 
48174 
48181 4221 1.0 37918 1.0 97637 3.0
48184 25265 1.0 108792 1.0 554287 1.0
48193 
48299 114213 1.0
48389 
48455 
48499 
48525 23088 1.0
48730 
48740 
48834 
48835 45514 2.0
49209 
49210 
49319 
49322 
49482 
49489 160560 1.0
49558 955 1.0 81629 1.0
49665 5452 1.0 15423 1.0
49718 297176 1.0
49938 
50052 
50277 
50285 73678 1.0 490813 1.0
50346 
50383 
50531 
50654 2867 1.0
50703 50704 4.0 50705 3.0
50704 50703 4.0 50705 3.0
50705 50703 3.0 50704 3.0 53824 1.0 117598 2.0
50733 7550 1.0 107690 1.0
50809 40173 1.0 187585 1.0
50834 210809 1.0
50875 27243 1.0
50906 
51413 
51430 
51451 
51548 
51559 293255 1.0
51561 382235 1.0
51647 52725 1.0 76211 1.0 99694 1.0 338066 1.0 382546 1.0 590963 1.0
51729 55494 1.0
51939 81701 1.0
51946 
52161 
52321 249975 3.0 464535 1.0
52356 
52654 
52655 
52700 
52711 
52722 
52725 51647 1.0 76211 1.0 590963 1.0
52781 37896 1.0 38149 1.0 38607 1.0 40262 1.0 48003 1.0 104848 1.0 150377 1.0 184668 1.0
53329 
53330 
53655 
53665 
53824 50705 1.0
53867 118429 1.0
53885 
53923 
53984 
53995 
54176 
54202 
54323 
54365 82349 3.0 958935 1.0
54412 96098 6.0 141715 1.0 478469 1.0
54489 
54548 134201 1.0
54549 
54642 34617 1.0 235562 1.0
54644 
54645 
54786 
54811 
55016 15956 1.0 18880 1.0 21191 1.0 21747 2.0 25291 1.0 25329 1.0 104848 1.0 121605 1.0 376061 1.0 408084 1.0
55333 
55418 
55447 41806 2.0
55494 51729 1.0
55502 
55598 
55673 118429 1.0
55776 
55793 
55794 
55883 2849 4.0
56392 
56426 64894 1.0 143310 1.0
56487 
56513 
56718 40672 1.0 167924 1.0
56836 184414 1.0
57000 5452 1.0 8236 1.0 12730 1.0 77559 1.0 81558 4.0 104848 1.0 153192 1.0 223671 1.0 389656 1.0
57504 28677 1.0 28826 1.0 40597 1.0 269727 1.0 389656 1.0
57562 2849 1.0 44326 2.0 205709 1.0 493850 1.0
57723 9092 2.0 522569 1.0
57957 2204 1.0 616543 1.0 826422 1.0
58310 
58512 290102 2.0
58674 3992 1.0
58733 
58999 414632 1.0
59030 
59046 
59091 166733 3.0
59206 9860 1.0 13650 1.0 135794 1.0 203846 1.0
59234 9633 2.0
59506 29518 1.0
59977 
60089 
60139 
60146 
60207 
60273 
60274 977 1.0
60616 
60704 
60706 
60945 
60980 
61150 
61343 
61498 112120 3.0 386152 1.0
61696 
61824 45712 1.0 126811 2.0 548368 1.0
61825 61827 1.0
61827 61825 1.0
62563 
62593 
62618 
62665 
62775 
62928 
63265 
63412 
63643 
63690 
63697 
63701 28677 1.0 99140 1.0
63717 87 1.0
64433 
64641 
64674 
64862 
64894 56426 1.0 143310 1.0
65015 
65060 
65061 
65140 169384 2.0
65242 
65362 
65543 
65566 65568 1.0
65567 
65568 65566 1.0
65767 27336 1.0
66342 522832 2.0
66405 
66407 32189 1.0
66504 
66509 
66534 9872 1.0
66535 
66635 
66729 169384 1.0
66866 
66950 
67054 633992 1.0
67680 
67798 81645 1.0
67963 791 1.0 513679 1.0
68042 179078 1.0 569727 1.0
68083 10102 1.0 19084 1.0 30343 1.0 42520 1.0 102023 1.0
68169 
68180 
68265 
68570 
68840 
68901 
69209 91240 1.0
69248 
69249 
69339 69341 1.0 69342 1.0
69341 69339 1.0 69342 1.0
69342 69339 1.0 69341 1.0
69343 
69375 
69538 
69642 
69781 123011 1.0
69944 70901 1.0 163108 1.0
69959 69960 1.0 346050 1.0
69960 69959 1.0
69961 
70093 4256 1.0
70549 
70853 20789 2.0 446031 2.0
70901 2204 1.0 2246 1.0 44301 1.0 69944 1.0 189113 1.0 197567 1.0 206256 1.0 466526 1.0 733030 1.0 914564 1.0 941650 1.0
70946 
71260 
71371 
71633 
71656 
72020 
72271 
72278 114924 1.0 230942 1.0
72620 
72685 
73005 
73031 73032 1.0
73032 73031 1.0
73176 212101 1.0
73330 4489 1.0
73375 7757 2.0 7857 2.0
73393 6139 1.0 15423 1.0
73395 
73427 
73471 
73635 
73678 4504 4.0 4505 1.0 50285 1.0 102526 1.0 490813 1.0
73688 
73734 
73996 
74021 
74184 20789 1.0
74207 
74220 
74377 9497 1.0 22984 1.0 92876 1.0
74599 16149 1.0
74628 155490 1.0
74686 79725 1.0
74801 28677 3.0
74839 212101 1.0
75277 1776 1.0 318007 1.0
75369 
75387 
75393 35608 1.0 358398 1.0
75937 
76000 
76012 
76211 51647 1.0 52725 1.0 80402 2.0 80550 1.0 225276 1.0 590963 1.0
76258 
76627 
76711 
76756 
76797 
76798 
77128 
77559 57000 1.0 322126 1.0
77961 
78144 
78436 
78675 
78726 
78806 
79022 
79345 
79643 
79707 
79709 
79725 74686 1.0
79730 87 1.0 48029 1.0 123810 1.0
79821 
79837 
79885 219675 1.0
79914 
80050 
80227 198368 1.0
80385 6558 1.0
80402 76211 2.0 293255 1.0
80550 76211 1.0 225276 1.0
80571 
80572 
80698 
80735 
80749 
81035 
81300 
81372 
81532 3992 1.0 95793 1.0
81558 41892 2.0 57000 4.0 104848 1.0 120603 1.0 154996 1.0 389656 1.0 507201 1.0
81561 30296 1.0
81597 
81629 2204 1.0 49558 1.0 89031 1.0 99924 1.0 156049 4.0
81630 266194 1.0
81645 67798 1.0 336857 2.0
81700 
81701 51939 1.0
81919 28677 3.0
81944 791 3.0 9158 1.0
81989 8057 4.0 27235 1.0 36641 1.0 38996 1.0
82044 37688 2.0
82045 2204 1.0 82466 1.0
82063 
82064 
82118 
82349 54365 3.0
82403 
82432 
82466 2204 2.0 82045 1.0
82530 
82672 6756 1.0
82885 
83124 
83229 
83493 45512 1.0
83779 
83828 
84892 
84916 295223 1.0
84966 
84967 129832 1.0
85032 
85033 
85341 
85468 
85573 
85663 
86070 
86107 
86232 30632 1.0
86296 18261 2.0
86519 
86655 
86656 
86946 
87046 
87244 
87312 
87610 667 1.0 530409 7.0
87679 87681 1.0 87682 1.0
87681 87679 1.0 87682 1.0 274001 1.0
87682 87679 1.0 87681 1.0
87787 749 1.0 47696 1.0 198142 1.0
88115 
88339 
88713 
88817 
88872 4529 1.0
88939 
89031 81629 1.0 524474 1.0
89604 
89632 
89942 27235 2.0
90032 
90457 
90808 5207 1.0
90809 
91021 157193 1.0
91032 
91240 69209 1.0
91478 
91654 880870 2.0
91728 
91850 
91917 4533 1.0 32546 1.0 114213 2.0
92331 
92341 
92388 
92409 9092 1.0 14474 1.0
92593 
92594 
92637 
92657 313431 1.0
92866 
92876 22984 2.0 74377 1.0
93092 
93159 
93303 
93604 
93713 
93783 
93854 
93866 
94100 
94174 
94318 
94324 
94741 
95265 223671 1.0
95752 
95774 
95775 
95793 11714 1.0 81532 1.0 291060 1.0 376855 2.0 578403 3.0
95868 
95913 
95966 
96098 54412 6.0
96493 
96577 1598 1.0
96734 36023 2.0 176859 2.0 194277 2.0
97007 9100 1.0
97009 
97133 
97521 
97536 
97637 4221 2.0 34156 1.0 48181 3.0
98376 
98418 
98597 
98866 
98938 
99032 
99140 38531 1.0 63701 1.0
99197 
99448 34156 1.0
99514 
99694 51647 1.0
99924 81629 1.0 100442 1.0 105450 1.0 389656 1.0
99976 
100037 
100097 
100319 358319 1.0
100341 
100442 99924 1.0
100676 102526 1.0 232500 1.0
101195 
101642 635532 1.0
102023 10102 1.0 68083 1.0
102207 
102463 
102526 4504 1.0 73678 1.0 100676 1.0 183691 1.0 232500 1.0
102578 
102796 
102832 
102910 
103029 
103064 
103079 19084 2.0
103111 
103545 
103622 
103706 
103744 
103758 507201 2.0
104216 
104350 
104738 
104771 
104848 5312 1.0 52781 1.0 55016 1.0 57000 1.0 81558 1.0 184668 2.0 377548 2.0
105056 
105107 4480 1.0
105166 428064 2.0
105168 
105354 
105396 
105450 8057 1.0 99924 1.0
105577 
105987 39525 1.0
106073 
106188 
106226 
106679 6098 1.0 197442 1.0
107231 
107238 30016 3.0 328734 3.0
107304 
107557 7781 1.0
107690 7550 1.0 50733 1.0
107748 
107856 
107915 
107922 
107930 
108304 
108565 
108758 
108760 
108792 25265 2.0 48184 1.0 554287 2.0
109009 35478 1.0
109325 
109447 
109499 
109570 
109618 
109730 
109785 
110436 
110705 
110979 
111273 
111894 
112085 843250 1.0
112120 61498 3.0 386152 1.0 386528 1.0
112156 
112209 
112210 
112244 5268 2.0 16235 2.0
112472 
113353 
113509 
113723 
114022 667 1.0
114213 8766 1.0 18813 1.0 48299 1.0 91917 2.0
114684 
114924 72278 1.0 230942 1.0
115416 
115698 16282 1.0 35283 1.0
115905 42282 1.0 304807 1.0
116305 
116683 
117598 50705 2.0
117923 
118336 
118347 20450 1.0
118429 16147 1.0 53867 1.0 55673 1.0 162204 1.0
119272 
119406 43670 1.0
119887 
120240 
120567 
120603 81558 1.0
120980 2849 1.0 20675 1.0
121140 507201 1.0
121300 
121364 
121497 
121566 
121584 
121605 16536 1.0 29518 1.0 55016 1.0 147269 1.0 150077 1.0 183691 1.0 376061 2.0
121606 8236 2.0 150077 2.0 389656 1.0
121627 
121760 
122107 
122649 
122799 
122961 
123011 69781 1.0
123051 
123078 
123663 
123810 79730 1.0
124215 
124943 
125197 
126352 
126356 
126811 61824 2.0 548368 3.0
128296 
128302 
128334 
128391 
128753 5119 1.0
128869 2867 1.0 10598 1.0 41888 1.0
128885 
129309 
129403 
129673 7280 1.0 36267 1.0
129690 
129832 84967 1.0
129931 
129978 3373 2.0 3375 2.0 18455 1.0
130432 5119 1.0
130573 
130808 227741 2.0 880527 2.0
131373 
131591 
131851 15423 1.0 253958 2.0
132213 
132415 
132568 
132819 
132821 146080 2.0
132887 376855 1.0 578403 1.0
132927 
133294 
133331 
134201 54548 1.0
134235 
134985 
135162 
135191 
135226 
135751 
135794 9860 1.0 13650 2.0 59206 1.0 155301 1.0 203846 1.0 382546 1.0
136176 
136207 
137348 
137428 32189 1.0 37841 1.0 38149 1.0 372871 1.0
138772 
138778 
140112 
140992 7501 1.0 193925 1.0
141300 
141519 6756 1.0
141534 
141715 54412 1.0
141830 160556 1.0 350603 1.0
142372 
143008 
143275 43466 1.0
143300 
143310 56426 1.0 64894 1.0
143425 143427 1.0
143427 143425 1.0
143579 
143674 
143763 
143891 
144313 
144473 
144562 318007 2.0 376824 1.0
144579 
144716 
144958 
144959 
145106 
145574 25346 4.0 169540 1.0 426073 2.0
145822 20602 1.0 32989 2.0 326999 2.0
145900 
146080 132821 2.0
146659 15423 1.0
146816 
146945 
146946 
147096 37257 1.0
147268 15423 1.0 33719 4.0 39765 2.0 39766 2.0 372871 1.0 622034 4.0
147269 16536 1.0 121605 1.0 150077 1.0 183691 2.0
147346 
147347 
147454 
147565 
148434 10327 1.0 163108 1.0
148757 18066 1.0 198368 1.0
148840 
148848 
148852 
149348 5467 1.0
149448 
149473 27235 1.0
149552 3373 1.0 39142 2.0
149820 
149827 37836 1.0
150077 16536 1.0 29518 2.0 121605 1.0 121606 2.0 147269 1.0 198385 1.0
150377 15956 1.0 52781 1.0
150711 
151326 
151865 
152136 
152350 
152862 
153192 12730 1.0 57000 1.0
153868 
154996 15956 1.0 81558 1.0
155187 18418 1.0
155301 135794 1.0
155490 37810 3.0 74628 1.0
155792 
156049 81629 4.0
156051 
156335 
156720 40327 1.0
156859 
156910 
157193 91021 1.0
157378 
157397 
157417 
157787 496813 1.0
157907 327088 1.0
157968 18634 1.0 358398 1.0
158016 
158361 15043 1.0 421339 1.0 460550 1.0
158362 25507 1.0
158541 
158572 
158738 
159358 
159383 37841 1.0 376855 1.0
159450 
159484 
159775 
160006 
160164 
160556 141830 1.0 350603 1.0
160560 49489 1.0
160926 37810 2.0
160955 
161333 375885 1.0
161367 
161808 
162078 
162204 16147 1.0 118429 1.0
162703 
162824 
163108 759 3.0 10233 1.0 10327 1.0 69944 1.0 148434 1.0
163355 
163379 
163405 232500 1.0
163845 2176 1.0 15072 1.0
163867 
164389 
165010 358319 1.0
165333 
165598 
165710 
165714 
165716 
166063 
166733 59091 3.0
166767 
167004 
167259 
167514 
167924 56718 1.0
168036 
168037 
168661 
168709 
168955 
169384 65140 2.0 66729 1.0
169540 145574 1.0 301113 1.0
170380 
170402 
170993 14474 1.0
172390 
172578 
172910 
173389 
173390 
173556 4274 1.0 507832 1.0
173603 
174230 
174410 
174456 
174505 
174694 
175675 175839 1.0
175754 
175839 175675 1.0
175998 
176859 36023 2.0 96734 2.0 194277 2.0
176933 
177300 
177369 
177680 277535 1.0
178233 
179016 
179078 68042 1.0
179741 
180680 
181166 
181577 
181646 
182283 
182284 
182857 35389 1.0 45437 1.0
183372 
183691 16536 1.0 102526 1.0 121605 1.0 147269 2.0
183967 5815 2.0
184057 
184090 
184095 
184414 56836 1.0
184422 
184668 7596 2.0 52781 1.0 104848 2.0
184670 208408 1.0
185744 221928 1.0
186695 
186711 
186833 30296 1.0 32189 1.0 198385 1.0
186895 
187141 
187585 50809 1.0 387948 1.0
188266 37810 1.0 265788 2.0
188414 
188770 
188900 
189113 2204 1.0 2246 2.0 2534 1.0 37171 1.0 44301 2.0 70901 1.0 197567 2.0 206256 2.0 466526 2.0 490741 1.0 733030 2.0 914564 2.0 941650 2.0
189672 
189748 
189763 
189848 
189902 
189943 7195 2.0 426881 1.0
191491 
191596 
191605 181 1.0
192225 37836 1.0
192348 
192402 
193068 
193478 493850 1.0
193925 140992 1.0
194137 3992 1.0
194277 36023 2.0 96734 2.0 176859 2.0
194485 
194730 
195048 91 1.0
195600 
196174 10259 1.0 478469 1.0
197014 
197442 6098 1.0 10223 1.0 106679 1.0
197530 14893 1.0 794766 2.0 875538 3.0
197567 2204 1.0 2246 3.0 37171 2.0 44301 3.0 70901 1.0 189113 2.0 206256 3.0 402430 1.0 466526 3.0 490741 2.0 733030 3.0 914564 3.0 941650 3.0
198115 
198117 
198142 749 1.0 25891 1.0 29099 2.0 32707 2.0 87787 1.0
198368 80227 1.0 148757 1.0
198385 30296 1.0 150077 1.0 186833 1.0
198518 955 1.0 27235 1.0
198534 
198676 588828 1.0
198889 198890 1.0
198890 198889 1.0
198891 513855 1.0
199699 4221 1.0 208408 1.0
199706 226311 1.0 270943 1.0
199912 
199933 
200056 
200444 
201015 
201235 
203074 18634 1.0
203402 
203539 
203650 
203846 13650 1.0 59206 1.0 135794 1.0
204132 
204513 
205126 
205474 
205481 
205662 
205709 2849 1.0 44326 1.0 57562 1.0
206235 
206256 2204 1.0 2246 3.0 37171 2.0 44301 3.0 70901 1.0 189113 2.0 197567 3.0 402430 1.0 466526 3.0 490741 2.0 733030 3.0 914564 3.0 941650 3.0
206756 
207034 
207911 251871 2.0
208408 87 1.0 4221 1.0 184670 1.0 199699 1.0
210809 50834 1.0
210810 25891 1.0 225527 1.0
211088 38996 1.0 267695 1.0
211251 
211718 
212101 73176 1.0 74839 1.0
212842 
212843 
214439 7309 2.0 288850 1.0
214993 
215040 
215702 
216276 
216513 
217206 
217648 
218178 
219103 30634 1.0
219116 
219675 79885 1.0
219898 48029 1.0
220371 
221822 37692 1.0
221928 185744 1.0
221943 
222170 
222171 
222565 
223298 
223671 5452 1.0 21191 1.0 57000 1.0 95265 1.0 270943 1.0
223748 
223920 
223954 
224325 
224908 
224918 
225257 
225276 39374 1.0 76211 1.0 80550 1.0
225285 
225527 210810 1.0
226311 29099 2.0 199706 1.0 270943 1.0
227282 
227518 
227608 
227741 130808 2.0 880527 2.0
227852 327030 1.0
227896 
228320 
228352 
228589 37841 1.0
230942 72278 1.0 114924 1.0
231966 445293 1.0
232199 
232500 100676 1.0 102526 1.0 163405 1.0
233577 
234599 
234911 21222 1.0 734253 1.0
235113 
235562 22093 1.0 34617 1.0 54642 1.0 326929 1.0
235582 19219 3.0 313057 1.0
236785 
238082 
239761 
240140 14880 1.0
241600 
242118 4929 1.0
242273 
242683 42019 2.0
244617 
244728 16536 1.0 27235 1.0 269727 1.0 451675 1.0
244830 
245301 
245385 
245789 
246714 
249670 
249975 52321 3.0 464535 1.0
250270 
250607 
250850 
251736 
251761 
251871 207911 2.0
252348 16536 2.0 28677 1.0 375885 1.0
252958 
253161 
253223 40653 4.0
253958 131851 2.0
255824 25329 1.0 32546 1.0 40262 1.0
256190 270594 2.0
256450 
257328 
259751 
261409 
261883 
262289 24079 1.0
262776 1588 1.0
262826 
262886 
264470 5312 1.0
264795 
265022 
265788 37810 1.0 188266 2.0
265808 351883 1.0
266194 4274 1.0 15223 1.0 40191 2.0 81630 1.0
266853 39765 1.0
267695 211088 1.0
268928 
269660 
269661 5003 1.0
269727 28677 1.0 40597 1.0 57504 1.0 244728 1.0 389656 1.0 451675 1.0
269771 
269772 
270523 
270594 256190 2.0
270597 
270614 
270943 199706 1.0 223671 1.0 226311 1.0
271378 
272171 
272212 
272221 360256 3.0
272238 
272270 33828 1.0
272356 
272693 
273008 
273432 
274001 87681 1.0
275259 
275325 
277275 
277315 
277535 177680 1.0 671639 1.0
278606 
278713 
280140 20602 1.0
283877 
284394 
288850 214439 1.0
289448 
289946 
290102 58512 2.0
290323 293582 1.0
290843 
291060 95793 1.0 376855 1.0 578403 1.0
291232 
293255 977 1.0 8093 1.0 11714 1.0 26877 2.0 30983 1.0 51559 1.0 80402 1.0 466540 1.0 488489 1.0
293582 290323 1.0
293974 
294172 
294219 
294286 
294814 
295133 9092 1.0
295223 84916 1.0
296416 493850 1.0
296619 
297176 49718 1.0
297867 
300850 
301052 
301082 
301113 18634 2.0 169540 1.0
301816 
302469 
303166 542893 2.0 593661 2.0
303712 
304329 30632 1.0
304807 42282 1.0 115905 1.0
305557 
306762 
306832 
309444 
312603 
313057 19219 1.0 235582 1.0
313393 
313431 92657 1.0
315891 
316572 
317305 
318007 1776 1.0 75277 1.0 144562 2.0 408084 1.0
319455 4505 1.0
321302 
322126 77559 1.0
324571 
325273 
325280 
326505 25891 3.0 41892 3.0 559417 1.0
326929 22093 1.0 235562 1.0
326999 20602 1.0 32989 2.0 145822 2.0
327030 227852 1.0
327088 157907 1.0
328734 30016 3.0 107238 3.0
329507 
330845 
331254 
335103 
336857 3161 1.0 81645 2.0
338066 51647 1.0
338299 
343567 955 2.0 21191 1.0 37235 1.0
343884 
343919 
344578 
344595 
344842 
346050 69959 1.0
347014 21962 1.0 378093 1.0
347234 
347490 8609 2.0
348174 
349167 
350603 141830 1.0 160556 1.0
351271 
351515 
351883 15223 1.0 26092 2.0 265808 1.0
351896 
354517 
354633 
356194 6582 1.0 29067 1.0
356291 
356325 
357109 16149 5.0
357149 
357722 
358319 100319 1.0 165010 1.0
358398 75393 1.0 157968 1.0
358752 
359655 
360256 272221 3.0
362311 
362408 
362769 
363343 
363910 
365406 
365700 
365788 
366065 4504 1.0
367123 
367799 
368615 91 1.0
370657 
371141 
371218 
372871 137428 1.0 147268 1.0 622034 1.0
374781 
375162 
375885 8236 1.0 16536 1.0 22278 1.0 25164 1.0 161333 1.0 252348 1.0
376061 13747 1.0 55016 1.0 121605 2.0
376463 
376824 144562 1.0
376855 28826 1.0 37419 1.0 95793 2.0 132887 1.0 159383 1.0 291060 1.0 578403 9.0
377548 104848 2.0
378093 21962 1.0 347014 1.0
378988 
382209 
382235 51561 1.0
382546 51647 1.0 135794 1.0
383463 3161 1.0
383982 
386135 
386152 61498 1.0 112120 1.0
386443 
386528 112120 1.0
387078 
387948 187585 1.0
389656 5452 2.0 9092 1.0 28677 2.0 40597 1.0 41892 1.0 42520 2.0 57000 1.0 57504 1.0 81558 1.0 99924 1.0 121606 1.0 269727 1.0 522830 1.0
389674 
390294 
390353 25367 1.0 426996 1.0
390625 
391134 
391389 40173 1.0
391523 40653 3.0
391622 
392855 39525 1.0
394675 
400266 
401061 
401561 
402282 
402430 2246 1.0 37171 1.0 44301 1.0 197567 1.0 206256 1.0 466526 1.0 490741 1.0 733030 1.0 914564 1.0 941650 1.0
403903 
408084 55016 1.0 318007 1.0
413250 24479 1.0
414632 58999 1.0
416517 
417896 40606 1.0
419316 37287 1.0 488489 1.0
419526 25183 1.0
420272 
421339 15043 1.0 158361 1.0 460550 1.0
423336 
423610 
426073 25346 3.0 145574 2.0
426375 18418 1.0
426881 7195 1.0 25329 1.0 189943 1.0
426996 25367 1.0 390353 1.0
428064 105166 2.0
429894 12428 1.0
430104 6558 1.0
431049 
433623 
435131 7620 1.0
436421 
439174 
440170 
445047 
445293 231966 1.0
445880 38531 1.0
446030 
446031 20789 9.0 70853 2.0
449548 
450328 19219 1.0
451675 244728 1.0 269727 1.0
456291 
457361 
457981 
458437 
458622 
459063 30842 1.0
460550 15043 1.0 158361 1.0 421339 1.0
464535 52321 1.0 249975 1.0
466526 2204 1.0 2246 3.0 37171 2.0 44301 3.0 70901 1.0 189113 2.0 197567 3.0 206256 3.0 402430 1.0 490741 2.0 733030 3.0 914564 3.0 941650 3.0
466540 30983 1.0 293255 1.0
466652 
468508 
470913 
478469 54412 1.0 196174 1.0
487012 
488489 11714 1.0 293255 1.0 419316 1.0
490741 2246 2.0 37171 2.0 44301 2.0 189113 1.0 197567 2.0 206256 2.0 402430 1.0 466526 2.0 733030 2.0 914564 2.0 941650 2.0
490813 50285 1.0 73678 1.0
491003 
491504 
493850 44326 1.0 57562 1.0 193478 1.0 296416 1.0
495491 24479 1.0
496813 157787 1.0
504963 
507201 81558 1.0 103758 2.0 121140 1.0
507832 173556 1.0
508057 
511540 
513679 67963 1.0
513773 
513855 198891 1.0
514517 
515313 
517210 5410 1.0
517972 21747 1.0
520285 
522569 21191 1.0 57723 1.0
522830 8236 1.0 42520 4.0 389656 1.0
522832 66342 2.0
523624 
524474 89031 1.0
530409 87610 7.0
531227 
535549 
535580 535581 1.0
535581 30923 1.0 41511 1.0 535580 1.0
535594 
537987 
538556 26376 1.0
540484 
540949 
541943 
542893 303166 2.0 593661 3.0
543758 
548368 61824 1.0 126811 3.0
552554 
554287 25265 2.0 48184 1.0 108792 2.0
555531 
557511 
558464 21222 1.0
558503 
559417 7647 1.0 25891 5.0 326505 1.0
562316 
564213 
564486 
569537 
569727 32574 1.0 68042 1.0
573761 
575676 
576643 
576869 
578403 37419 1.0 95793 3.0 132887 1.0 291060 1.0 376855 9.0
578835 
583800 42520 1.0
585332 
588828 198676 1.0
588975 
590963 51647 1.0 52725 1.0 76211 1.0
591856 
593661 303166 2.0 542893 3.0
596265 
601241 
608480 
609701 
610612 
614342 
616543 57957 1.0 826422 9.0
618340 
618342 
622034 33719 1.0 39765 2.0 39766 2.0 147268 4.0 372871 1.0
633992 67054 1.0
635532 101642 1.0
640593 
640906 
647982 
650640 
655198 
657425 
663289 
665601 
671639 7501 1.0 277535 1.0
675209 
678189 
730481 
733030 2204 1.0 2246 3.0 37171 2.0 44301 3.0 70901 1.0 189113 2.0 197567 3.0 206256 3.0 402430 1.0 466526 3.0 490741 2.0 914564 3.0 941650 3.0
734253 21222 1.0 234911 1.0
744305 
748413 
748906 
770784 8093 1.0 40327 1.0
789629 
794766 14893 1.0 197530 2.0 875538 4.0
796010 
826422 57957 1.0 616543 9.0
843250 112085 1.0 937809 1.0
875538 14893 1.0 197530 3.0 794766 4.0
880527 130808 2.0 227741 2.0
880528 
880870 91654 2.0
914564 2204 1.0 2246 3.0 37171 2.0 44301 3.0 70901 1.0 189113 2.0 197567 3.0 206256 3.0 402430 1.0 466526 3.0 490741 2.0 733030 3.0 941650 3.0
937809 35111 1.0 843250 1.0
941650 2204 1.0 2246 3.0 37171 2.0 44301 3.0 70901 1.0 189113 2.0 197567 3.0 206256 3.0 402430 1.0 466526 3.0 490741 2.0 733030 3.0 914564 3.0
958935 54365 1.0
1238998 
1263986 
1434303 
1684818 
1947141 
